x	y	z	L	slope
368969.5	7649450.5	1790.285034	0.0	23.288838
368973.417761	7649453.595895	1788.135787	4.993337	30.985323
368977.841248	7649455.5	1784.394685	9.809233	28.462755
368982.841248	7649455.5	1782.814636	14.809233	12.686806
368987.841248	7649455.5	1782.143576	19.809233	6.704828
368992.184901	7649457.48878	1781.665267	24.58653	6.191787
368996.590058	7649459.335887	1781.107092	29.363266	8.70181
369001.570248	7649458.892508	1780.168962	34.363154	10.252331
369006.175747	7649457.22811	1779.317077	39.260178	7.400288
369010.660027	7649455.5	1778.908781	44.065918	5.402313
369015.660027	7649455.5	1778.38979	49.065918	6.597604
369020.660027	7649455.5	1777.752199	54.065918	6.924351
369025.320263	7649454.679737	1777.207942	58.797792	3.12859
369028.855797	7649451.144203	1777.220285	63.797792	2.393107
369033.588959	7649450.5	1776.799363	68.574592	6.348541
369038.588959	7649450.5	1776.132564	73.574592	8.295474
369043.191202	7649452.259152	1775.352015	78.501584	7.966268
369045.404523	7649455.729023	1774.867166	82.617261	6.878892
369050.253267	7649456.949437	1774.252341	87.617234	3.938455
369054.521554	7649455.729301	1774.217318	92.056491	1.340084
369057.850116	7649452.149884	1774.034156	96.944389	3.972498
369061.38565	7649452.38565	1773.631829	100.487775	5.658249
369065.095644	7649455.5	1773.203191	105.331661	5.03436
369070.095644	7649455.5	1772.764678	110.331661	4.951045
369075.095644	7649455.5	1772.336939	115.331661	3.375427
369079.921184	7649455.078816	1772.184097	120.175547	1.794908
369083.456718	7649451.543282	1772.028468	125.175547	6.158657
369085.909437	7649447.269501	1771.112896	130.103127	14.282488
369088.735709	7649443.153621	1769.503095	135.09595	15.04666
369090.776356	7649438.892731	1768.500786	139.820293	10.802306
369093.863305	7649434.959518	1767.647739	144.820236	9.184565
369094.5	7649430.203883	1766.916611	149.618303	8.252934
369094.679468	7649425.264465	1766.234931	154.56098	10.857399
369097.709824	7649421.287413	1765.009677	159.56098	12.962924
369100.45705	7649417.34035	1763.977097	164.369988	11.62289
369102.799219	7649412.953925	1762.997795	169.34256	10.67294
369104.557003	7649408.56612	1762.149181	174.06936	7.833918
369105.903348	7649404.096652	1761.705261	178.737207	6.478693
369109.438882	7649400.561118	1761.051343	183.737207	3.548443
369112.974416	7649397.025584	1761.085166	188.737207	2.029426
369116.50995	7649393.49005	1760.697004	193.737207	6.83941
369120.271431	7649390.5	1759.909171	198.542323	11.697832
369124.5	7649389.728569	1758.812181	202.840683	10.451
369124.5	7649384.728569	1758.194097	207.840683	5.437488
369125.045484	7649379.954516	1757.878879	212.645799	5.277163
369128.581018	7649376.418982	1757.288473	217.645799	7.609174
369133.200363	7649375.5	1756.581762	222.355669	6.604888
369137.116552	7649372.883448	1756.197789	227.065539	4.967555
369141.129295	7649370.5	1755.766748	231.732758	7.377214
369144.952495	7649368.9348	1755.058668	235.863945	8.645014
369147.37003	7649365.5	1754.500074	240.064222	8.464629
369151.529418	7649363.470582	1753.744873	244.692293	10.045321
369155.298962	7649360.5	1752.830125	249.49165	12.614931
369159.5	7649359.701038	1751.713794	253.767987	9.719337
369159.5	7649354.701038	1751.241317	258.767987	5.103087
369160.064952	7649349.935048	1750.838718	263.567344	5.765929
369163.600485	7649346.399515	1750.251851	268.567344	6.230895
369168.227894	7649345.5	1749.778169	273.28137	6.273404
369172.136019	7649342.863981	1749.215444	277.995396	7.398989
369175.490131	7649339.171574	1748.518258	282.983775	9.031097
369178.418243	7649335.121231	1747.628262	287.981686	8.76532
369180.320409	7649330.548381	1746.984035	292.934383	6.965505
369183.225439	7649326.486762	1746.413126	297.927972	6.735946
369187.726935	7649325.069483	1745.836884	302.647311	7.939176
369192.688497	7649324.45155	1745.057738	307.647205	3.599031
369194.595454	7649320.748247	1745.260423	311.81265	4.132847
369199.354874	7649320.5	1744.412404	316.57854	9.105758
369202.932914	7649317.067086	1743.701863	321.537095	7.689154
369207.261317	7649315.146866	1743.103662	326.272316	6.235511
369212.012873	7649315.5	1742.663919	331.036976	5.857459
369216.276869	7649317.276869	1742.140982	335.656384	6.499227
369219.812403	7649320.812403	1741.56809	340.656384	4.368043
369223.347937	7649324.347937	1741.377157	345.656384	2.896321
369227.870737	7649325.5	1741.079006	350.323607	4.809029
369232.870737	7649325.5	1740.563868	355.323607	6.463107
369236.883471	7649323.116529	1739.983903	359.99083	7.379185
369240.799669	7649320.5	1739.349497	364.700695	8.228881
369245.799669	7649320.5	1738.579736	369.700695	8.273013
369250.797737	7649320.570849	1737.895716	374.699265	8.712328
369255.78456	7649320.913499	1737.047801	379.697846	11.095923
369260.524096	7649322.188967	1735.952882	384.606004	13.638382
369265.24478	7649323.313409	1734.679537	389.458759	13.114019
369269.612587	7649321.388573	1733.710455	394.231885	13.86271
369273.963936	7649319.02585	1732.279742	399.183319	13.306742
369278.598581	7649317.758198	1731.403018	403.988199	10.213196
369283.552096	7649317.628838	1730.521357	408.943404	9.805268
369288.353865	7649317.956694	1729.714891	413.756352	10.79146
369292.695674	7649317.304326	1728.767172	418.146897	13.606102
369294.5	7649313.051703	1727.534167	422.766464	12.78586
369295.95888	7649308.533829	1726.641504	427.514044	10.656637
369299.432195	7649305.5	1725.773095	432.125773	8.581682
369302.987589	7649302.012411	1725.194015	437.106144	6.32257
369306.523123	7649298.476877	1724.667305	442.106144	6.553528
369310.235585	7649295.211714	1724.051655	447.050198	10.35003
369314.559905	7649292.972285	1722.875029	451.919981	11.03696
369317.541664	7649290.5	1722.346354	455.793361	5.581924
369319.644034	7649287.461749	1722.135403	459.488078	3.964088
369322.773083	7649285.5	1721.834412	463.181235	4.811664
369327.773083	7649285.5	1721.403658	468.181235	4.081092
369331.814419	7649287.814419	1721.145403	472.838373	3.707912
369335.349953	7649289.650047	1720.843701	476.82203	5.917004
369338.885487	7649286.114513	1720.214366	481.82203	12.652456
369343.48842	7649284.424991	1718.620617	486.725241	14.693077
369345.332945	7649280.5	1717.791562	491.06204	10.426631
369350.332945	7649280.5	1716.902559	496.06204	7.723016
369355.332945	7649280.5	1716.435459	501.06204	6.692891
369360.292943	7649280.244973	1715.733047	506.02859	7.905052
369365.069573	7649278.778722	1715.052103	511.025197	6.717181
369369.664816	7649279.672671	1714.593236	515.706586	6.248626
369374.508704	7649280.5	1714.001497	520.620619	6.525754
369379.508684	7649280.500579	1713.459196	525.6206	5.606565
369384.497622	7649280.832994	1713.019863	530.6206	6.680035
369389.490572	7649281.075141	1712.288172	535.619418	8.152539
369394.092434	7649282.947854	1711.592046	540.587737	8.021117
369397.477941	7649286.572821	1710.889142	545.547781	8.453493
369401.163223	7649289.018684	1710.197557	549.970851	6.670395
369405.303022	7649286.228525	1709.788056	554.963138	5.173828
369408.074704	7649282.62133	1709.333645	559.512212	5.632286
369411.874312	7649280.5	1708.910292	563.863885	6.119789
369416.178892	7649278.821108	1708.371702	568.484285	6.1592
369419.800261	7649275.457569	1707.878356	573.426724	8.591229
369424.635992	7649274.476623	1706.879588	578.360946	9.347632
369427.781494	7649270.590003	1706.243132	583.360946	5.056869
369429.502324	7649267.261451	1706.105593	587.108013	4.271733
369432.742136	7649265.5	1705.687815	590.795708	6.790787
369437.129602	7649263.60352	1705.097316	595.575509	3.718141
369439.983285	7649260.016715	1705.079356	600.15903	3.189636
369443.518818	7649256.481182	1704.563269	605.15903	7.229629
369448.1124	7649255.5	1703.849257	609.856232	7.215401
369453.1124	7649255.5	1703.335615	614.856232	7.948543
369458.1124	7649255.5	1702.453047	619.856232	14.2034
369463.1124	7649255.5	1700.804673	624.856232	20.093759
369468.1124	7649255.5	1698.794919	629.856232	23.267814
369473.1124	7649255.5	1696.504792	634.856232	24.149154
369478.1124	7649255.5	1694.311553	639.856232	19.920979
369483.1124	7649255.5	1692.880817	644.856232	12.979882
369488.1124	7649255.5	1692.006639	649.856232	9.022696
369493.1124	7649255.5	1691.292959	654.856232	9.141919
369497.054352	7649252.945648	1690.446168	659.553434	10.230254
369500.906836	7649249.870303	1689.555657	664.482873	10.545437
369505.580595	7649248.128559	1688.600045	669.470628	12.295311
369510.527694	7649247.835775	1687.38854	674.426384	14.853959
369515.490205	7649247.391749	1685.964354	679.40872	15.497586
369520.292114	7649246.224796	1684.636905	684.350391	13.59054
369524.905747	7649248.147009	1683.561493	689.348441	10.624418
369529.606164	7649249.843708	1682.761979	694.345711	9.977459
369534.51985	7649250.5	1681.810321	699.303033	8.733878
369539.51985	7649250.5	1681.232314	704.303033	4.166714
369544.514036	7649250.514036	1681.082251	709.297238	1.600712
369548.04957	7649254.04957	1680.953035	714.297238	1.961063
369552.392231	7649256.074733	1680.74699	719.088896	5.026142
369556.989988	7649257.850969	1680.098149	724.017829	9.317459
369561.100753	7649260.638087	1679.123499	728.984359	14.613443
369565.779966	7649262.397944	1677.49985	733.983572	17.991099
369570.64179	7649262.43778	1675.921195	738.845559	16.033237
369575.61191	7649261.892328	1674.665878	743.84552	12.921124
369580.58378	7649261.752513	1673.63309	748.819356	12.267613
369585.410495	7649260.638476	1672.507288	753.772967	13.04615
369589.92703	7649258.771172	1671.352851	758.660289	12.089491
369593.622254	7649255.5	1670.403491	763.595392	11.914035
369598.243237	7649253.773399	1669.27085	768.528407	7.737285
369601.677562	7649250.5	1669.088674	773.272848	4.234281
369606.677562	7649250.5	1668.549423	778.272848	6.778899
369611.677562	7649250.5	1667.900016	783.272848	8.906467
369616.677562	7649250.5	1666.982355	788.272848	11.517182
369621.677562	7649250.5	1665.862432	793.272848	11.678542
369626.039769	7649252.039769	1664.992729	797.898833	8.232929
369629.606494	7649255.5	1664.474131	802.868212	6.576985
369634.606494	7649255.5	1663.843325	807.868212	7.351109
369639.575302	7649255.424698	1663.188022	812.837591	4.276215
369643.110836	7649251.889164	1663.097907	817.837591	4.410239
369647.535426	7649250.5	1662.444743	822.47513	9.782165
369652.535426	7649250.5	1661.436355	827.47513	11.444994
369657.535426	7649250.5	1660.420277	832.47513	13.574549
369662.535426	7649250.5	1659.021875	837.47513	16.765954
369667.535426	7649250.5	1657.407676	842.47513	16.679665
369672.535426	7649250.5	1656.025693	847.47513	14.461672
369677.535426	7649250.5	1654.828715	852.47513	12.344668
369682.535426	7649250.5	1653.837239	857.47513	10.387575
369686.64637	7649252.64637	1653.06211	862.11267	9.226756
369690.464358	7649255.5	1652.309644	866.879244	10.195615
369695.181904	7649256.181904	1651.34763	871.645819	11.780594
369698.717438	7649259.717438	1650.272814	876.645819	13.945559
369702.796116	7649262.571404	1648.869973	881.623844	16.808477
369705.83808	7649265.5	1647.493588	885.846428	14.206297
369710.446165	7649266.446165	1646.61017	890.550648	9.856359
369713.981699	7649269.981699	1645.807597	895.550648	11.90769
369717.812079	7649273.189833	1644.502262	900.54704	14.494499
369721.767415	7649275.5	1643.331885	905.127602	13.124456
369726.490563	7649276.585739	1642.30438	909.973937	13.375129
369729.615905	7649279.794941	1641.114482	914.453528	12.422658
369734.02656	7649280.5	1640.333771	918.920181	9.401389
369739.02656	7649280.5	1639.547099	923.920181	10.92163
369744.02656	7649280.5	1638.404217	928.920181	13.825956
369749.02656	7649280.5	1637.086134	933.920181	15.305196
369754.02656	7649280.5	1635.667637	938.920181	16.675552
369759.02656	7649280.5	1634.090735	943.920181	15.536913
369764.02656	7649280.5	1632.887538	948.920181	12.286412
369769.02656	7649280.5	1631.912933	953.920181	11.545463
369774.02656	7649280.5	1630.844813	958.920181	10.277659
369779.02656	7649280.5	1630.099707	963.920181	7.285844
369784.02656	7649280.5	1629.566332	968.920181	7.279408
369788.331249	7649278.089341	1628.830834	973.853905	10.712059
369792.63036	7649275.566151	1627.690091	978.838765	13.249087
369797.610268	7649275.5	1626.484578	983.819113	12.084281
369802.610268	7649275.5	1625.553418	988.819113	10.516609
369807.610268	7649275.5	1624.628245	993.819113	11.51416
369812.607487	7649275.368511	1623.516597	998.818062	12.519129
369817.598822	7649275.080443	1622.408177	1003.817702	11.092616
369822.169117	7649273.335989	1621.577336	1008.709606	8.106236
369826.387893	7649270.657125	1620.999659	1013.707043	6.295942
369829.301029	7649266.632432	1620.47785	1018.675395	6.411026
369833.432171	7649264.21887	1619.903832	1023.459912	7.679987
369837.66528	7649261.628888	1619.163496	1028.422495	12.297053
369840.140903	7649257.458811	1617.765032	1033.272056	21.994591
369841.420549	7649252.647917	1615.194042	1038.250229	25.309765
369842.969195	7649247.931624	1613.063454	1043.214271	21.85261
369846.616665	7649245.265193	1611.391447	1047.732445	22.221371
369851.262814	7649243.737186	1609.219688	1052.623407	21.37352
369854.879383	7649240.315362	1607.528916	1057.602207	17.132824
369859.533287	7649238.667047	1606.16301	1062.539388	13.452811
369864.257307	7649237.243922	1605.167789	1067.473114	12.148518
369868.341674	7649234.400976	1604.029752	1072.449498	16.111742
369872.663129	7649232.000301	1602.302448	1077.393001	21.083535
369877.291274	7649230.175884	1600.206011	1082.367759	26.690631
369880.751149	7649226.613886	1597.305106	1087.333498	27.251787
369884.944492	7649224.241731	1595.166943	1092.151303	20.86043
369889.5	7649225.008956	1593.70887	1096.770966	14.667273
369892.688313	7649222.311687	1592.864832	1100.947161	11.602099
369896.729613	7649219.514035	1591.842389	1105.862337	10.071248
369901.394837	7649218.605163	1591.147737	1110.615269	4.579516
369905.108636	7649215.5	1591.073962	1115.456173	0.495698
369909.5	7649214.891364	1591.0675	1119.889514	-0.392818
369909.5	7649209.891364	1591.138636	1124.889514	-2.481916
369909.930371	7649205.069629	1591.494039	1129.730417	-0.587196
369913.465905	7649201.534095	1591.239491	1134.730417	4.361126
369918.031185	7649200.287588	1590.751836	1139.462813	8.382871
369922.076768	7649197.923232	1589.851648	1144.148634	11.869972
369925.818081	7649194.641458	1588.720975	1149.125326	11.504006
369930.27191	7649192.467375	1587.83013	1154.081456	10.738177
369934.584125	7649190.40679	1586.874793	1158.860704	12.5862
369937.977215	7649186.735356	1585.646917	1163.859953	16.704618
369941.011809	7649182.784235	1583.879497	1168.841932	17.174292
369943.559173	7649178.483977	1582.56256	1173.84006	12.752544
369945.857615	7649174.142385	1581.636566	1178.752519	14.405752
369949.393149	7649170.606851	1580.016491	1183.752519	18.44835
369953.593343	7649167.917193	1578.304885	1188.740093	11.026981
369957.400587	7649165.5	1578.165811	1193.249852	6.082681
369962.400587	7649165.5	1577.291522	1198.249852	10.485693
369967.36074	7649165.979136	1576.318161	1203.233093	11.247005
369972.317008	7649166.61797	1575.306878	1208.230363	11.95531
369977.11944	7649167.703238	1574.21758	1213.153893	12.542383
369981.651788	7649169.650094	1573.1142	1218.086685	13.977885
369986.614483	7649170.255822	1571.745323	1223.086209	14.994357
369991.11265	7649171.847621	1570.497171	1227.857721	13.293125
369995.039453	7649174.906182	1569.442082	1232.835128	8.575654
369998.583868	7649171.416132	1568.996492	1237.809394	7.863101
370003.204393	7649170.5	1568.10461	1242.519867	10.949363
370007.400811	7649168.196128	1567.159087	1247.307115	10.929479
370011.31929	7649165.5	1566.26175	1252.063541	10.588639
370016.31929	7649165.5	1565.335279	1257.063541	11.333602
370021.244027	7649164.982133	1564.267157	1262.015431	13.927785
370025.974099	7649163.384206	1562.869201	1267.008121	13.64513
370030.786108	7649162.103702	1561.846395	1271.987591	12.668388
370035.556614	7649160.836306	1560.640471	1276.923584	14.906684
370040.15611	7649158.945432	1559.208659	1281.896588	19.319487
370045.033078	7649157.872492	1557.146522	1286.890185	20.851622
370049.78284	7649156.341692	1555.405939	1291.880535	14.084984
370054.565834	7649157.542919	1554.657159	1296.812064	9.375058
370059.156895	7649156.592785	1553.817729	1301.500411	11.324366
370063.043481	7649153.504896	1552.724233	1306.464342	10.279298
370066.706012	7649150.109369	1552.01177	1311.458712	10.078825
370070.770835	7649147.198191	1550.947869	1316.458487	11.702149
370075.145493	7649145.721883	1550.019906	1321.075533	10.295506
370079.893518	7649147.257376	1549.202778	1326.065672	9.987519
370084.614133	7649146.420458	1548.296908	1330.859901	11.55944
370088.321859	7649149.321859	1547.259316	1335.567911	13.960082
370092.035992	7649152.664105	1545.884547	1340.564449	22.397062
370095.648348	7649156.061962	1543.156552	1345.523738	26.934499
370099.512785	7649159.227181	1540.826957	1350.518984	21.462612
370103.729361	7649160.5	1539.461099	1354.92348	12.8079
370107.49061	7649163.49061	1538.733275	1359.728763	8.460255
370111.658293	7649165.5	1538.058196	1364.355558	8.987136
370116.026144	7649167.026144	1537.269824	1368.982353	9.979868
370119.587226	7649170.5	1536.368699	1373.957187	11.195398
370124.561678	7649170.561678	1535.300627	1378.932022	9.943722
370128.097212	7649174.097212	1534.620019	1383.932022	8.275501
370132.516158	7649175.5	1533.899098	1388.568281	10.612116
370136.632746	7649177.632746	1532.882737	1393.20454	13.022323
370140.44509	7649180.5	1531.723645	1397.974773	13.245243
370145.168279	7649181.168279	1530.637161	1402.745005	14.298656
370148.703813	7649184.703813	1529.233564	1407.745005	15.70804
370153.374022	7649185.5	1527.898658	1412.482596	16.163771
370158.374022	7649185.5	1526.411296	1417.482596	16.034024
370163.374022	7649185.5	1525.024866	1422.482596	16.842961
370168.374022	7649185.5	1523.384029	1427.482596	20.983092
370173.374022	7649185.5	1521.189735	1432.482596	22.99433
370178.374022	7649185.5	1519.140589	1437.482596	22.065663
370183.374022	7649185.5	1517.136268	1442.482596	22.903875
370188.347372	7649185.953625	1514.918302	1447.476591	23.371552
370193.3137	7649186.532917	1512.817513	1452.476589	22.416491
370198.295529	7649186.940168	1510.794008	1457.475037	21.105201
370203.266551	7649187.404773	1508.961338	1462.467724	17.912117
370208.262826	7649187.212833	1507.564239	1467.467684	14.971595
370213.258651	7649187.04713	1506.287634	1472.466256	14.898517
370218.237188	7649186.70133	1504.906703	1477.456788	15.865846
370223.237096	7649186.672138	1503.448284	1482.456781	16.571202
370227.815625	7649185.5	1502.012615	1487.182967	16.054868
370232.815625	7649185.5	1500.649349	1492.182967	13.586351
370237.815625	7649185.5	1499.595956	1497.182967	12.340298
370242.693814	7649186.39046	1498.470708	1502.141762	13.548899
370247.595257	7649187.323639	1497.198677	1507.131247	17.851756
370252.553009	7649186.771821	1495.257326	1512.119615	22.084132
370257.550441	7649186.613189	1493.146196	1517.119564	24.223158
370262.490405	7649186.724516	1490.784907	1522.060783	25.892087
370267.371841	7649187.794499	1488.322157	1527.05811	22.38469
370272.341941	7649188.340164	1486.66758	1532.058074	15.941518
370277.287803	7649189.073194	1485.465878	1537.057963	13.628461
370282.247792	7649189.695242	1484.243449	1542.056806	15.326502
370287.131142	7649190.5	1482.739534	1547.006022	20.175472
370292.131142	7649190.5	1480.587802	1552.006022	25.220301
370297.131142	7649190.5	1478.029722	1557.006022	25.894096
370301.659988	7649188.997548	1475.844392	1561.777585	20.628621
370305.814538	7649186.220301	1474.352381	1566.774923	15.757195
370310.631177	7649185.5	1473.060207	1571.645123	15.007698
370315.631177	7649185.5	1471.706329	1576.645123	16.173516
370320.631177	7649185.5	1470.16004	1581.645123	18.42436
370325.631177	7649185.5	1468.375155	1586.645123	17.559428
370330.57843	7649185.841396	1467.008713	1591.604141	13.086184
370335.382584	7649187.167347	1466.063992	1596.587919	16.218092
370340.237683	7649186.530865	1464.134891	1601.48456	22.622492
370344.999014	7649185.137513	1461.956238	1606.445578	21.418958
370349.93116	7649184.350193	1460.229657	1611.440169	13.59694
370353.696255	7649181.303745	1459.57685	1616.283389	10.765499
370358.363333	7649180.5	1458.408397	1621.01917	14.632122
370363.363333	7649180.5	1457.035118	1626.01917	15.574174
370368.311122	7649181.133002	1455.624604	1631.007287	16.058388
370373.278917	7649181.677679	1454.160843	1636.004852	16.978092
370378.243176	7649181.08977	1452.572636	1641.003803	16.743847
370383.208832	7649180.504828	1451.152768	1646.003792	16.972605
370388.038216	7649179.388994	1449.533897	1650.960408	21.673594
370392.854669	7649178.054118	1447.196783	1655.958419	21.855203
370397.78048	7649177.210575	1445.524926	1660.955936	22.597283
370402.433299	7649175.489192	1443.052127	1665.916973	26.289412
370407.423901	7649175.218162	1440.605342	1670.914929	23.190816
370410.690629	7649172.241444	1439.017702	1675.334472	16.009846
370414.469501	7649169.695088	1438.029847	1679.891204	10.862284
370419.40393	7649168.89489	1437.184157	1684.890095	12.268506
370424.27233	7649167.885003	1435.86164	1689.862135	15.053382
370428.913962	7649166.0267	1434.502332	1694.861939	15.09976
370433.704613	7649165.5	1433.212309	1699.681457	13.990199
370438.69142	7649165.167173	1432.056433	1704.679357	13.25594
370443.613657	7649164.343118	1430.859275	1709.670098	13.386029
370448.338463	7649162.748327	1429.682116	1714.656795	14.838057
370453.180659	7649161.518931	1428.214766	1719.652621	17.601312
370458.02085	7649160.301429	1426.513966	1724.643589	20.715613
370462.745003	7649158.746491	1424.446535	1729.617064	21.453343
370467.141928	7649156.397127	1422.600622	1734.602288	16.885436
370471.611267	7649154.160953	1421.416404	1739.599834	12.516666
370476.353883	7649152.635302	1420.385239	1744.581803	13.1283
370481.321121	7649152.49418	1419.095573	1749.551045	15.999286
370486.320247	7649152.584062	1417.526847	1754.550979	20.852075
370491.315155	7649152.400614	1415.287331	1759.549255	22.655976
370496.31497	7649152.369883	1413.353676	1764.549165	20.296517
370500.914011	7649153.987773	1411.635172	1769.424485	19.152941
370505.468338	7649155.5	1409.993796	1774.223309	14.881411
370510.184718	7649154.815282	1409.093617	1778.989134	8.669095
370513.720252	7649151.279748	1408.50485	1783.989134	10.228971
370517.690316	7649148.261763	1407.291522	1788.976081	10.046835
370521.837309	7649145.5	1406.738624	1793.958539	12.358446
370526.820927	7649145.22376	1405.106304	1798.949807	19.813424
370531.779862	7649144.586279	1403.13911	1803.949549	21.773807
370536.662821	7649143.596232	1401.119188	1808.931866	23.974394
370541.273517	7649141.68362	1398.7039	1813.923519	25.892798
370546.138396	7649140.544574	1396.270943	1818.919965	27.492442
370550.346453	7649137.88504	1393.513364	1823.898003	27.623708
370554.478163	7649135.08087	1391.052909	1828.891439	23.354264
370558.619994	7649132.302029	1389.203758	1833.879095	18.167813
370562.509058	7649129.174444	1387.778521	1838.869748	17.551533
370566.484545	7649126.144722	1386.04445	1843.868118	21.124724
370570.577458	7649123.288213	1383.919058	1848.859269	25.597482
370574.538602	7649120.320994	1381.282507	1853.808516	25.17675
370579.065175	7649118.199722	1379.242871	1858.807482	16.085654
370583.184086	7649115.5	1378.420932	1863.73231	9.278306
370587.966139	7649114.251652	1377.63095	1868.674617	11.763961
370592.714239	7649112.74051	1376.354052	1873.657388	18.173196
370597.091134	7649110.337087	1374.356239	1878.650748	19.118694
370601.032681	7649107.275274	1372.893105	1883.64179	15.196546
370605.412042	7649105.010923	1371.661445	1888.57191	16.57225
370609.970342	7649102.956904	1369.938222	1893.57162	21.247595
370614.562967	7649100.980755	1367.773482	1898.571357	22.216006
370619.154371	7649099.031381	1365.859143	1903.559447	18.456207
370624.064309	7649098.596728	1364.463754	1908.488587	16.052382
370628.997175	7649098.898562	1363.018932	1913.430678	14.507759
370633.60704	7649097.037121	1361.898572	1918.402179	10.851104
370637.710126	7649098.710126	1361.21666	1922.833234	10.0764
370641.962134	7649100.680411	1360.278443	1927.519555	13.926394
370646.767027	7649101.82118	1358.830136	1932.458012	17.458696
370651.35428	7649103.808981	1357.153014	1937.457435	18.305373
370656.020273	7649105.499798	1355.534481	1942.420333	17.389956
370661.020273	7649105.49792	1354.032847	1947.420333	16.143228
370666.004133	7649105.716505	1352.643329	1952.408984	16.569444
370670.945931	7649106.474288	1351.061123	1957.408545	17.976024
370675.593679	7649108.031776	1349.430873	1962.310313	16.75368
370679.706838	7649110.183197	1348.188244	1966.952155	14.822376
370684.617473	7649109.246062	1346.879636	1971.95141	15.535
370689.539562	7649108.415946	1345.411048	1976.943008	18.069856
370694.429126	7649107.482548	1343.627022	1981.920866	18.619533
370699.077622	7649105.64176	1342.049547	1986.920568	18.216677
370704.04993	7649105.571068	1340.345114	1991.893378	19.30006
370708.857414	7649106.876403	1338.563681	1996.874924	19.643072
370713.564127	7649108.540688	1336.785253	2001.867217	19.326347
370717.844206	7649110.339913	1335.184625	2006.510092	17.555376
370722.826336	7649109.918247	1333.734731	2011.510034	17.774863
370727.363211	7649107.977662	1331.999938	2016.444516	18.963334
370731.895016	7649105.880603	1330.323471	2021.438003	18.792133
370736.82362	7649105.370976	1328.614869	2026.392885	18.462298
370741.643021	7649104.56519	1327.03796	2031.279184	17.739912
370746.386881	7649103.074377	1325.461024	2036.251782	19.743773
370751.285324	7649102.125502	1323.462538	2041.241282	18.892611
370756.08609	7649102.275644	1322.10978	2046.044395	17.443013
370760.995478	7649103.21278	1320.38306	2051.042426	19.480594
370765.97837	7649103.138643	1318.579071	2056.02587	17.217367
370770.851053	7649102.099482	1317.294947	2061.008127	15.870482
370775.744693	7649101.462662	1315.759705	2065.943029	17.667109
370780.500517	7649102.962187	1314.134957	2070.929655	21.270409
370784.767185	7649101.008838	1311.991831	2075.622205	24.92209
370789.641939	7649100.5	1309.677322	2080.523444	22.816251
370794.641891	7649100.496313	1307.826585	2085.523397	19.611852
370799.640198	7649100.36622	1306.114281	2090.523397	20.182667
370804.625959	7649100.141981	1304.154235	2095.514198	21.290265
370809.236123	7649098.210983	1302.2218	2100.512434	18.079176
370813.964003	7649096.652071	1300.89753	2105.490692	14.253398
370818.870899	7649095.694445	1299.687228	2110.49016	12.902281
370823.850622	7649095.5	1298.610772	2115.473678	14.342029
370828.850622	7649095.5	1297.134739	2120.473678	18.307144
370833.683952	7649094.307331	1295.309487	2125.451984	21.405491
370838.292705	7649092.458204	1293.236685	2130.417856	20.307397
370842.43633	7649090.5	1291.775952	2135.000888	16.331145
370846.576299	7649088.423701	1290.536827	2139.632342	13.142238
370850.365262	7649085.5	1289.577227	2144.418182	13.207556
370855.252349	7649085.072625	1288.262409	2149.323921	15.656582
370859.605272	7649082.613792	1286.801207	2154.323301	18.055444
370864.180442	7649080.596946	1285.00282	2159.323285	17.467152
370869.04026	7649079.987177	1283.686744	2164.221208	14.114294
370873.47428	7649078.496008	1282.595037	2168.899254	17.583313
370878.302238	7649077.343198	1280.631394	2173.862937	22.048211
370883.23553	7649076.529946	1278.559874	2178.862813	20.968117
370887.695438	7649078.388868	1276.863762	2183.694621	21.682789
370891.945443	7649080.5	1274.752071	2188.440083	23.258753
370896.945443	7649080.5	1272.675155	2193.440083	21.937511
370901.944892	7649080.551902	1270.724735	2198.439802	20.915033
370906.943724	7649080.659944	1268.853751	2203.439802	20.895791
370911.901141	7649081.180422	1266.912926	2208.424467	22.071072
370916.821801	7649082.067071	1264.805441	2213.424371	23.341752
370921.538816	7649083.67913	1262.604316	2218.409243	24.006747
370926.107697	7649085.5	1260.394988	2223.327602	22.351985
370931.107697	7649085.5	1258.526117	2228.327602	21.059065
370936.107697	7649085.5	1256.544639	2233.327602	23.106698
370941.10146	7649085.358517	1254.261321	2238.323368	24.873569
370946.080125	7649084.898091	1251.91056	2243.323278	24.222806
370951.014094	7649084.15413	1249.767163	2248.31302	19.644584
370955.991541	7649083.680102	1248.344737	2253.312988	13.872453
370960.865541	7649084.383679	1247.316239	2258.237508	14.432213
370965.827084	7649085.002411	1245.79069	2263.237482	18.663576
370970.737741	7649085.030362	1243.968775	2268.148218	20.97093
370975.496055	7649083.499044	1241.992723	2273.146867	22.108345
370980.372883	7649082.411967	1239.908595	2278.143385	24.867763
370985.287892	7649081.504503	1237.360374	2283.141465	27.575893
370990.206798	7649080.641042	1234.690334	2288.135581	25.354143
370995.152364	7649081.051524	1232.642512	2293.098153	19.080892
371000.007338	7649082.066268	1231.258189	2298.05804	18.774101
371004.848939	7649082.967865	1229.282571	2302.982873	26.589752
371009.768614	7649082.388041	1226.313755	2307.936598	26.877535
371014.35662	7649080.5	1224.257451	2312.897898	23.370247
371019.35662	7649080.5	1222.009397	2317.897898	22.411982
371024.35662	7649080.5	1220.133437	2322.897898	19.016374
371029.347032	7649080.805021	1218.563129	2327.897623	16.888134
371034.329578	7649081.219833	1217.097711	2332.897406	16.602399
371039.215027	7649080.551993	1215.602307	2337.828291	16.959287
371044.207888	7649080.567851	1214.071513	2342.821177	15.923521
371049.207715	7649080.609465	1212.751412	2347.821177	14.027636
371052.208897	7649076.713818	1211.593763	2352.738815	13.552489
371056.656611	7649075.5	1210.454776	2357.349186	14.861439
371061.063316	7649074.014397	1209.136415	2361.999569	15.654468
371064.694261	7649070.577167	1207.75058	2366.9994	16.701858
371068.081683	7649066.918317	1206.140215	2371.985561	18.157681
371072.076351	7649063.974344	1204.487938	2376.947855	19.051228
371076.10468	7649061.082565	1202.714288	2381.906667	16.558746
371080.222001	7649058.27137	1201.531298	2386.892161	12.330487
371084.576887	7649055.830373	1200.533271	2391.884505	12.681635
371088.521388	7649052.832984	1199.293181	2396.838638	20.773387
371092.81413	7649050.33494	1196.770104	2401.805312	21.927311
371096.607832	7649047.121303	1195.292532	2406.777197	17.572472
371099.172696	7649042.956857	1193.646749	2411.66812	16.934813
371102.055592	7649039.209475	1192.363786	2416.396119	15.454092
371104.5	7649035.54752	1191.122498	2420.798963	15.530484
371108.914075	7649033.254339	1189.758007	2425.773171	13.055603
371113.391144	7649031.030132	1188.809846	2430.772295	12.955301
371117.204922	7649027.874547	1187.469312	2435.722307	10.941919
371121.246496	7649025.5	1186.946694	2440.409822	10.635518
371126.246496	7649025.5	1185.650181	2445.409822	15.165048
371131.246496	7649025.5	1184.236387	2450.409822	17.010683
371136.246496	7649025.5	1182.590931	2455.409822	17.79716
371141.246496	7649025.5	1181.026387	2460.409822	17.448125
371146.246496	7649025.5	1179.447993	2465.409822	19.747956
371151.084919	7649026.233677	1177.474686	2470.303554	21.498222
371155.654786	7649028.257332	1175.552062	2475.30144	20.852267
371160.263808	7649030.193804	1173.666794	2480.300741	19.468201
371165.196458	7649030.546589	1172.036834	2485.24599	18.774247
371170.185019	7649030.884454	1170.286253	2490.245979	20.157249
371175.167144	7649031.297609	1168.366425	2495.245207	21.219169
371179.811193	7649033.127735	1166.407328	2500.236855	19.608722
371184.749423	7649033.252805	1164.8284	2505.176668	19.703178
371189.655963	7649032.438952	1162.857313	2510.150247	19.407252
371194.204251	7649030.607126	1161.348902	2515.053563	19.038652
371199.149497	7649031.340469	1159.440194	2520.052888	23.032574
371204.079715	7649030.870731	1157.118044	2525.005434	25.672028
371208.737468	7649029.114355	1154.667123	2529.983336	25.49085
371213.202844	7649026.877112	1152.363576	2534.977817	23.637475
371217.676811	7649024.869337	1150.335089	2539.881646	23.242074
371222.523043	7649023.63949	1148.110384	2544.881495	21.876043
371227.115337	7649021.672983	1146.321918	2549.877125	18.148115
371231.851179	7649020.5	1144.873797	2554.756068	17.034668
371236.848901	7649020.603463	1143.295549	2559.754861	18.798594
371241.844032	7649020.824073	1141.470312	2564.754861	20.313824
371246.740685	7649020.5	1139.628103	2569.662227	21.749626
371251.736692	7649020.633707	1137.518757	2574.660023	22.697295
371256.728862	7649020.912584	1135.446646	2579.659976	21.879074
371261.690807	7649021.436928	1133.507361	2584.649549	20.698846
371266.58517	7649022.458231	1131.672334	2589.649333	19.889596
371271.409618	7649023.765105	1129.890266	2594.647655	20.031997
371276.287446	7649024.732072	1128.03697	2599.620404	20.123243
371281.287335	7649024.765407	1126.236288	2604.620404	19.949201
371286.214728	7649024.245829	1124.423859	2609.575115	18.874911
371291.214649	7649024.217746	1122.833006	2614.575115	17.302121
371296.11007	7649024.873189	1121.327866	2619.514219	18.811156
371301.105277	7649025.091811	1119.44741	2624.514208	20.660913
371306.049398	7649024.876977	1117.576412	2629.462995	20.126757
371310.878483	7649023.58944	1115.802332	2634.460775	17.891784
371315.668011	7649024.394003	1114.395183	2639.31741	14.58773
371320.415195	7649025.954712	1113.237944	2644.314566	12.204962
371325.081699	7649027.739623	1112.2337	2649.310782	10.479783
371329.676411	7649029.681973	1111.391105	2654.299178	9.942305
371334.460456	7649030.918797	1110.49318	2659.240516	12.516615
371338.849432	7649033.306907	1109.184957	2664.237133	19.384543
371343.251937	7649035.674057	1106.976471	2669.235677	22.722981
371347.398133	7649038.303014	1105.035834	2674.145092	16.732712
371351.597202	7649040.435254	1104.084785	2678.854512	10.953182
371355.964682	7649042.522559	1103.187645	2683.695144	12.259274
371360.284595	7649045.034471	1101.947195	2688.692278	15.744608
371365.139142	7649045.722078	1100.39661	2693.59528	19.028988
371369.858272	7649047.373823	1098.531874	2698.595125	20.712486
371374.59961	7649048.950165	1096.616934	2703.591638	20.803868
371379.410644	7649050.287377	1094.736407	2708.585053	20.768527
371384.401831	7649049.991187	1092.827206	2713.58502	21.411329
371389.392109	7649049.865141	1090.818497	2718.57689	21.987999
371394.386505	7649049.951732	1088.794754	2723.572036	20.985332
371399.350999	7649049.780795	1086.997269	2728.539472	14.252917
371402.707456	7649046.09493	1086.266666	2733.52459	8.690644
371407.439646	7649045.5	1085.506287	2738.294031	10.413137
371412.439646	7649045.5	1084.471377	2743.294031	13.022109
371417.439646	7649045.5	1083.193611	2748.294031	14.095632
371422.439646	7649045.5	1081.960438	2753.294031	13.442986
371427.439646	7649045.5	1080.803418	2758.294031	13.711662
371432.439646	7649045.5	1079.520619	2763.294031	15.256051
371437.439646	7649045.5	1078.076055	2768.294031	15.658062
371442.439646	7649045.5	1076.717729	2773.294031	14.174494
371447.430695	7649045.270768	1075.551412	2778.290341	13.635345
371452.420936	7649044.96715	1074.293042	2783.28981	16.376469
371457.403212	7649044.596109	1072.614115	2788.285883	21.322491
371462.38301	7649044.1667	1070.392013	2793.284161	27.583296
371467.369049	7649044.394958	1067.395599	2798.275422	29.788984
371472.368423	7649044.474105	1064.672718	2803.275422	27.005731
371477.367143	7649044.487291	1062.299903	2808.27416	23.618875
371482.364672	7649044.331801	1060.300622	2813.274107	20.531801
371487.312656	7649043.681995	1058.558438	2818.264578	20.333347
371492.299847	7649043.325341	1056.598569	2823.264505	24.676566
371497.159777	7649042.161204	1053.965282	2828.261918	25.190046
371502.113713	7649041.682707	1051.907245	2833.238909	21.250809
371507.113088	7649041.761191	1050.085409	2838.2389	20.746175
371512.042649	7649042.106611	1048.141575	2843.180548	20.033805
371516.725159	7649043.828199	1046.464441	2848.169512	19.587367
371521.248299	7649045.5	1044.650521	2852.991723	23.084721
371526.248299	7649045.5	1042.278146	2857.991723	26.344979
371531.241904	7649045.3506	1039.700671	2862.987563	26.703956
371536.226927	7649044.969063	1037.25027	2867.987165	25.565277
371541.212847	7649044.945342	1034.923984	2872.973141	21.08496
371546.177198	7649045.5	1033.401974	2877.968382	16.192554
371551.177144	7649045.513492	1032.021607	2882.968346	16.223187
371556.177001	7649045.551138	1030.492418	2887.968344	18.281055
371561.160179	7649045.611839	1028.723631	2892.951893	20.492045
371566.086468	7649046.048096	1026.781764	2897.89746	20.026531
371570.980255	7649047.059891	1025.099629	2902.894748	18.314681
371575.955511	7649047.493732	1023.474681	2907.888883	19.088447
371580.873205	7649048.358233	1021.643602	2912.881986	18.741956
371585.78636	7649049.272544	1020.084998	2917.879491	18.278995
371590.696147	7649050.114845	1018.34752	2922.861005	20.6256
371595.618337	7649050.5	1016.351846	2927.798241	21.520466
371600.497946	7649051.004759	1014.466369	2932.703887	22.062937
371604.939124	7649053.298326	1012.337802	2937.702338	21.807805
371609.231454	7649055.5	1010.536225	2942.526389	19.642926
371614.231454	7649055.5	1008.831431	2947.526389	20.570189
371619.231454	7649055.5	1006.783529	2952.526389	22.612773
371624.231454	7649055.5	1004.666353	2957.526389	21.596438
371629.006932	7649056.940216	1002.829876	2962.514315	17.880537
371633.285781	7649059.477389	1001.45241	2967.48883	12.706918
371637.919449	7649060.5	1000.638285	2972.233997	11.528054
371641.917916	7649062.917916	999.531581	2976.906689	14.6906
371645.848381	7649065.5	998.180407	2981.609425	16.490443
371650.848381	7649065.5	996.65935	2986.609425	17.635575
371655.848381	7649065.5	995.001485	2991.609425	19.230577
371660.62698	7649066.240303	993.228453	2996.445027	21.297975
371664.781153	7649069.018943	991.168126	3001.442827	23.658858
371668.859657	7649071.876161	988.857303	3006.422574	24.697519
371672.853404	7649074.873929	986.581549	3011.416233	22.692376
371677.631071	7649075.5	984.754451	3016.234746	20.820788
371682.631071	7649075.5	982.847889	3021.234746	22.15763
371687.631071	7649075.5	980.682284	3026.234746	22.864043
371692.629946	7649075.583963	978.631433	3031.234326	22.129702
371697.628523	7649075.702634	976.615975	3036.234311	23.485854
371702.621908	7649075.916657	974.287277	3041.232281	26.03501
371707.6143	7649076.189423	971.73232	3046.232119	27.88279
371712.612032	7649076.264047	968.997569	3051.230408	27.502964
371717.611069	7649076.361841	966.527066	3056.230401	26.241238
371722.518494	7649076.870058	964.100884	3061.164072	26.078972
371727.346193	7649078.170562	961.665394	3066.16387	26.232457
371732.127664	7649079.630527	959.1738	3071.163267	26.213759
371736.558312	7649081.829629	956.768665	3076.109648	26.008659
371740.670224	7649084.673311	954.321205	3081.109084	27.501293
371745.238309	7649086.607661	951.58361	3086.069841	29.92104
371750.079307	7649087.845053	948.590785	3091.06648	31.202638
371754.933689	7649089.019753	945.532357	3096.060971	30.10847
371759.86193	7649089.794049	942.801969	3101.049668	26.064805
371764.789424	7649090.524414	940.65585	3106.030995	24.901609
371769.698899	7649091.471097	938.168645	3111.03091	29.201892
371774.531256	7649092.731554	935.070181	3116.024951	30.665406
371779.000648	7649094.837921	932.278047	3120.965825	28.665131
371782.982285	7649097.860667	929.636286	3125.964868	27.17411
371787.121622	7649100.639279	927.152589	3130.950326	26.16211
371791.831115	7649102.318615	924.731223	3135.950275	26.375871
371796.386506	7649104.372796	922.195414	3140.947399	27.989438
371801.084339	7649105.981001	919.436553	3145.912876	29.240863
371805.939971	7649107.170929	916.61715	3150.912185	30.55809
371810.651516	7649108.792603	913.543202	3155.895004	32.690114
371815.220627	7649110.813168	910.213566	3160.890948	32.779747
371819.812128	7649112.791757	907.106707	3165.890617	30.329953
371824.54254	7649114.405636	904.364514	3170.888757	29.449999
371829.396275	7649115.517087	901.473395	3175.868121	29.377003
371834.115889	7649117.153202	898.74963	3180.863282	27.710231
371838.841996	7649118.77818	896.224951	3185.860945	29.241247
371843.517175	7649120.545852	893.153883	3190.859141	31.989708
371848.477902	7649120.5	890.004508	3195.82008	31.201652
371853.477902	7649120.5	887.121151	3200.82008	31.344154
371858.477902	7649120.5	883.914073	3205.82008	33.376559
371863.462323	7649120.851708	880.535579	3210.816895	33.55813
371868.443502	7649121.285107	877.282981	3215.816893	32.572353
371873.410562	7649120.832277	874.15523	3220.804551	31.186584
371878.386677	7649120.5	871.245404	3225.791748	29.745144
371883.386677	7649120.5	868.448403	3230.791748	28.184905
371888.345339	7649121.065357	865.891966	3235.782535	25.859454
371893.290756	7649121.797454	863.606369	3240.781846	24.029016
371898.240471	7649122.335006	861.443508	3245.760666	24.650201
371903.103449	7649123.469525	859.030235	3250.75423	26.758891
371907.83232	7649125.093071	856.404659	3255.754042	29.163365
371912.721546	7649126.032913	853.461979	3260.73278	31.526452
371917.667288	7649126.7615	850.284104	3265.7319	30.150676
371922.64384	7649127.214596	847.655741	3270.729036	26.692593
371927.605055	7649127.826402	845.258466	3275.727832	24.288041
371932.600556	7649128.029346	843.143945	3280.727454	26.358587
371937.585638	7649127.990743	840.311102	3285.712686	26.56913
371942.439581	7649127.855397	838.222707	3290.568515	23.922054
371947.115684	7649129.606266	835.942247	3295.561659	26.754503
371951.769695	7649131.419463	833.187583	3300.556406	27.933678
371956.379	7649133.3503	830.644349	3305.553788	27.680817
371960.466411	7649136.076487	827.988851	3310.466936	30.678811
371964.676347	7649138.738636	824.774778	3315.44796	31.455652
371967.941779	7649142.51987	821.885716	3320.444036	29.596396
371971.433461	7649146.079365	819.105107	3325.430202	30.847213
371975.359385	7649149.16868	815.924407	3330.425874	33.145974
371979.479213	7649151.923988	812.606369	3335.382154	34.203824
371982.748334	7649155.675846	809.173518	3340.358456	35.104746
371986.357052	7649159.020428	805.649982	3345.278728	33.190382
371990.642046	7649161.0103	802.864712	3350.003214	29.875052
371995.119266	7649162.968239	800.129117	3354.889831	27.850712
371999.089629	7649165.5	797.794896	3359.598716	25.969673
372003.82827	7649167.026687	795.410768	3364.577219	25.31279
372008.363531	7649169.052728	793.091008	3369.544455	23.869918
372012.735279	7649170.526019	791.171405	3374.157779	21.309076
372017.625251	7649171.381424	789.35525	3379.122007	21.498339
372022.428189	7649172.763637	787.247691	3384.119878	21.950288
372027.002798	7649174.781745	785.326074	3389.119859	21.897373
372031.627506	7649176.605619	783.239899	3394.091221	23.111708
372036.489677	7649177.763821	781.071421	3399.089435	23.198944
372041.174297	7649179.489268	778.958328	3404.081712	25.418072
372046.000199	7649180.733299	776.330798	3409.06538	28.742201
372050.941087	7649181.482066	773.48454	3414.062681	28.402445
372055.112618	7649183.729601	771.066334	3418.80115	25.861739
372058.910866	7649186.53291	768.899362	3423.521874	22.829878
372062.845441	7649189.614523	766.975245	3428.519595	20.478087
372066.725024	7649192.585865	765.208148	3433.406316	19.215789
372070.508594	7649195.831333	763.534669	3438.391139	19.026532
372074.682518	7649198.582756	761.765311	3443.390336	20.39055
372079.0829	7649200.928326	759.82302	3448.376824	21.59896
372083.243239	7649203.696735	757.812807	3453.374074	22.933802
372087.566454	7649206.112205	755.61341	3458.326314	26.616564
372091.095213	7649209.654072	752.825821	3463.32601	30.711849
372094.953065	7649212.816737	749.680252	3468.314545	30.513413
372098.923156	7649215.687547	746.99853	3473.213847	25.385472
372102.512835	7649219.064038	745.017054	3478.14198	21.398749
372105.885352	7649222.745011	743.111116	3483.134317	22.061843
372109.526616	7649226.155981	740.971788	3488.123658	24.104707
372113.342245	7649229.342245	738.654786	3493.094704	24.556142
372117.603605	7649231.794334	736.454221	3498.0112	22.37569
372121.834798	7649234.44212	734.57611	3503.002569	21.153544
372126.483186	7649235.955119	732.631439	3507.890991	22.078118
372131.351544	7649237.094563	730.565398	3512.890915	21.074637
372135.93711	7649239.027673	728.787102	3517.867292	19.186593
372140.56387	7649240.682369	727.123996	3522.781042	19.785919
372145.523381	7649241.317343	725.220801	3527.781036	21.492179
372150.41674	7649242.278001	723.191809	3532.767801	23.357152
372155.323262	7649243.176006	720.91332	3537.755824	22.266807
372159.94515	7649244.87264	719.133654	3542.67928	16.983981
372164.655282	7649245.595747	717.95422	3547.444594	13.236855
372168.91126	7649248.219989	716.836662	3552.444594	15.915559
372173.291399	7649250.5	715.12047	3557.382616	17.333018
372177.765861	7649248.574161	713.775289	3562.253927	14.507927
372182.150128	7649246.178265	712.567178	3567.250137	14.756534
372186.811297	7649246.374557	711.230526	3571.915438	17.205717
372191.529602	7649248.022341	709.574999	3576.913197	19.184716
372196.009536	7649250.228883	707.754175	3581.907056	20.682667
372200.949407	7649250.5	705.822103	3586.854361	22.116545
372205.949407	7649250.5	703.711779	3591.854361	24.373083
372210.605791	7649251.437019	701.405099	3596.60409	26.24768
372214.420426	7649254.669443	698.904399	3601.60409	22.655862
372219.129163	7649255.5	697.322424	3606.385515	17.656808
372224.129163	7649255.5	695.790969	3611.385515	15.691447
372229.129163	7649255.5	694.513249	3616.385515	14.52795
372233.965936	7649254.281572	693.202808	3621.373395	16.63572
372238.850763	7649253.221894	691.529509	3626.37184	19.814054
372243.379131	7649251.620869	689.671445	3631.174902	20.06057
372246.228643	7649247.555002	687.96265	3636.139877	19.321383
372249.716115	7649244.06215	686.200192	3641.075714	18.057012
372252.805694	7649240.372143	684.784546	3645.888369	17.748055
372257.738367	7649239.558314	683.059808	3650.887727	20.019551
372262.667142	7649240.040073	681.158722	3655.83999	21.728577
372267.61042	7649240.5	679.107796	3660.804619	20.454637
372272.61042	7649240.5	677.442209	3665.804619	18.274738
372277.61042	7649240.5	675.805607	3670.804619	18.913237
372282.61042	7649240.5	674.015971	3675.804619	20.152237
372287.61042	7649240.5	672.135903	3680.804619	20.58138
372292.61042	7649240.5	670.261047	3685.804619	21.612046
372297.61042	7649240.5	668.174319	3690.804619	21.566448
372302.513648	7649241.269833	666.323176	3695.767912	16.764245
372307.424521	7649242.163075	665.175676	3700.759361	12.234481
372311.700041	7649240.264715	664.226535	3705.437377	12.703162
372316.486589	7649240.475859	663.041211	3710.22858	17.346953
372321.485961	7649240.399095	661.168219	3715.228542	20.096829
372325.967028	7649239.032972	659.497856	3719.913224	15.106558
372329.503556	7649235.499307	658.554149	3724.912606	12.196617
372334.326784	7649234.316007	657.34389	3729.878866	12.866365
372337.720167	7649230.656683	656.279953	3734.869426	11.980946
372342.591427	7649229.892144	655.238532	3739.800318	10.78199
372347.425759	7649228.638098	654.389905	3744.794655	12.592531
372350.881584	7649225.194835	653.033132	3749.673055	16.03543
372354.883053	7649222.207348	651.552612	3754.666734	18.658814
372358.766553	7649219.083171	649.663912	3759.650914	19.490086
372363.19658	7649216.945715	648.047849	3764.56964	20.328442
372367.327382	7649214.16682	645.997337	3769.548171	20.894368
372371.469199	7649211.395601	644.245001	3774.531575	18.984972
372376.167504	7649209.882552	642.584856	3779.467503	16.01346
372381.067688	7649208.932312	641.39593	3784.458972	15.749663
372384.601533	7649205.395116	639.767126	3789.458953	18.688014
372388.078586	7649201.802053	638.013562	3794.458953	18.937427
372391.430324	7649198.094387	636.336825	3799.457047	14.817142
372395.264402	7649195.5	635.466875	3804.086409	15.289385
372400.264402	7649195.5	633.704528	3809.086409	20.944778
372405.264402	7649195.5	631.639413	3814.086409	21.606479
372410.258159	7649195.402502	629.746164	3819.081117	18.09549
372415.215165	7649194.749317	628.373659	3824.080973	14.849994
372420.006506	7649193.494544	627.107316	3829.033892	15.280107
372424.682904	7649191.743713	625.656448	3834.027299	16.281756
372429.644259	7649191.318134	624.19455	3839.006872	16.065204
372434.565938	7649190.802357	622.797439	3843.955503	16.142738
372439.426131	7649189.663461	621.317433	3848.947353	16.972661
372444.354236	7649188.914933	619.752623	3853.93198	17.288482
372449.326728	7649189.275533	618.214364	3858.917531	17.833633
372454.296908	7649189.809013	616.540657	3863.916259	19.140664
372459.294796	7649189.94824	614.744215	3868.916086	19.754503
372464.293441	7649190.057254	612.949639	3873.91592	21.121774
372469.214319	7649189.26298	610.88732	3878.900487	22.642244
372474.131687	7649189.066314	608.817789	3883.821786	21.855779
372478.790018	7649190.512736	606.957049	3888.69951	21.048832
372483.789698	7649190.568973	605.016548	3893.699507	22.170003
372488.657362	7649191.560759	602.895537	3898.667181	22.840448
372493.57085	7649192.455549	600.820781	3903.661479	22.598906
372498.453211	7649193.338769	598.751653	3908.623084	22.218595
372503.341621	7649194.078325	596.774745	3913.567121	23.601563
372508.341367	7649194.086694	594.407139	3918.566874	25.144686
372513.335068	7649194.303891	592.081902	3923.565296	21.384138
372518.333393	7649194.433136	590.492121	3928.565292	18.592792
372523.075848	7649193.088342	588.741776	3933.494728	19.162397
372527.989476	7649193.530333	587.06486	3938.428196	21.361405
372532.663711	7649193.709771	584.982797	3943.105873	24.496088
372537.42122	7649192.206648	582.660301	3948.095189	22.130452
372542.35948	7649191.429898	580.920921	3953.094164	20.386381
372547.253711	7649190.5	578.951309	3958.075952	21.691335
372552.253711	7649190.5	576.950563	3963.075952	20.640043
372557.253711	7649190.5	575.184699	3968.075952	18.08034
372562.253711	7649190.5	573.685959	3973.075952	16.677599
372567.18196	7649189.875489	572.198598	3978.043613	16.98739
372572.055572	7649188.758513	570.641042	3983.043585	17.378869
372576.747466	7649187.063746	569.072513	3988.032183	16.983634
372581.488401	7649186.508984	567.659677	3992.805466	17.173662
372586.285051	7649187.91777	566.052425	3997.804718	18.501167
372591.097304	7649189.209725	564.319655	4002.787381	17.300437
372595.850023	7649190.60466	562.957762	4007.74058	14.253337
372600.824092	7649191.07037	561.792386	4012.736403	11.539532
372605.687068	7649192.174602	560.919669	4017.723172	9.840663
372610.644047	7649192.763599	560.061537	4022.715021	10.510607
372615.562281	7649193.58386	559.068498	4027.701187	14.167696
372620.132394	7649193.488546	557.648982	4032.272294	23.09194
372624.445548	7649190.992426	554.994894	4037.255658	29.362695
372629.118578	7649189.34349	552.057485	4042.211079	28.324354
372634.000685	7649188.618683	549.663881	4047.146696	24.557388
372638.967669	7649188.499352	547.532122	4052.115113	18.890084
372643.596342	7649186.776533	546.273871	4057.054012	13.334288
372648.182652	7649185.5	545.233187	4061.81466	13.22901
372653.041551	7649184.490375	543.988159	4066.777345	13.956798
372657.892924	7649183.291702	542.757945	4071.774608	12.861717
372662.66592	7649182.33408	541.735692	4076.642722	14.731725
372666.906219	7649180.5	540.263257	4081.262677	18.493194
372671.722834	7649179.578642	538.550398	4086.166622	18.085899
372675.759711	7649176.882191	537.076428	4091.021232	16.123076
372678.966323	7649173.048388	535.702366	4096.019272	16.233335
372681.867722	7649169.030582	534.178353	4100.975165	15.311489
372685.382384	7649165.482578	532.978291	4105.96928	15.481079
372689.994515	7649163.552305	531.410442	4110.96905	16.996515
372694.683307	7649161.840995	529.924466	4115.960378	15.577534
372699.496973	7649160.5	528.625969	4120.957342	16.461105
372704.482345	7649160.117932	526.970706	4125.957333	18.188511
372709.283883	7649158.947336	525.359464	4130.899504	16.980258
372712.926779	7649155.530525	523.936591	4135.89403	12.491618
372717.011556	7649152.988444	523.18716	4140.705224	8.697792
372720.979213	7649150.431264	522.478483	4145.425549	12.21575
372725.738858	7649149.556561	521.117597	4150.264901	16.576284
372729.833214	7649146.6916	519.550611	4155.262076	18.378329
372734.502246	7649145.050625	517.813225	4160.211082	18.214393
372739.415283	7649144.150363	516.278577	4165.205919	15.474459
372744.234766	7649145.007886	515.075313	4170.101097	14.324846
372749.12431	7649145.5	513.773733	4175.015343	15.444371
372754.12431	7649145.5	512.336297	4180.015343	15.196424
372759.12431	7649145.5	511.057547	4185.015343	14.781487
372762.769881	7649148.769881	509.724853	4189.912516	14.60595
372767.028838	7649150.852169	508.546066	4194.653259	14.149471
372771.83334	7649152.144075	507.275541	4199.628423	14.779727
372776.453764	7649154.008659	505.918996	4204.610892	15.580497
372780.768257	7649156.457762	504.502968	4209.572036	17.74606
372785.204687	7649158.739363	502.734865	4214.560785	18.755802
372789.633818	7649160.70849	501.163133	4219.407914	17.415072
372794.625034	7649160.933916	499.647373	4224.404218	15.424101
372799.569549	7649161.481172	498.412231	4229.378926	12.564218
372803.48183	7649164.48183	497.439857	4234.309433	9.624258
372808.06009	7649165.5	496.780884	4238.999543	8.376171
372812.940265	7649166.415872	496.018204	4243.964916	10.307995
372817.735519	7649167.813133	494.969455	4248.959593	13.320172
372822.362727	7649169.697431	493.652828	4253.955755	15.97755
372826.936495	7649171.683817	492.111297	4258.942245	17.043747
372831.483914	7649173.740935	490.594146	4263.933313	17.272113
372836.391806	7649174.682681	489.005657	4268.93074	18.118658
372841.31508	7649175.5231	487.324785	4273.925231	17.309494
372846.307118	7649175.802561	485.891046	4278.925085	15.349673
372850.860064	7649176.860064	484.669344	4283.59923	11.904456
372854.395598	7649180.395598	483.85166	4288.59923	8.930964
372859.352353	7649180.5	483.104519	4293.557084	10.846733
372863.627925	7649183.050602	481.947844	4298.535647	14.616861
372868.043208	7649185.381782	480.504092	4303.528554	18.941429
372871.26123	7649189.093644	478.548536	4308.441149	20.698777
372874.468648	7649192.894066	476.768998	4313.41415	16.529889
372879.119914	7649194.536744	475.60877	4318.346965	12.049062
372884.072807	7649195.212529	474.649146	4323.345748	11.828054
372888.768878	7649196.775219	473.525497	4328.295	13.452173
372892.990249	7649198.990249	472.325076	4333.062214	12.3939
372897.348807	7649200.803143	471.440599	4337.782765	11.601477
372901.743887	7649202.743887	470.369668	4342.587265	14.567546
372905.46079	7649206.040256	468.901031	4347.555305	18.442424
372909.531766	7649208.841326	467.065142	4352.496847	21.459163
372912.174654	7649212.871181	465.064335	4357.316036	16.720856
372915.987738	7649215.766335	464.179232	4362.103679	10.985463
372920.464466	7649217.648412	463.192345	4366.959944	11.58229
372924.347552	7649220.5	462.196635	4371.77761	9.209804
372929.347552	7649220.5	461.600554	4376.77761	6.65506
372934.347552	7649220.5	461.029891	4381.77761	9.651539
372939.347552	7649220.5	459.899978	4386.77761	13.540922
372944.347552	7649220.5	458.621622	4391.77761	11.99503
372949.347552	7649220.5	457.775383	4396.77761	7.561935
372953.241007	7649217.417204	457.298631	4401.743757	6.454621
372957.188338	7649217.737664	456.765532	4405.704076	7.791504
372961.372799	7649219.045638	456.15688	4410.088196	8.394387
372965.767546	7649216.696637	455.383276	4415.071328	10.727229
372970.415899	7649214.8552	454.265727	4420.071136	11.390192
372974.589066	7649215.5	453.525393	4424.293824	8.762797
372979.589066	7649215.5	452.844153	4429.293824	8.149639
372984.58172	7649215.464579	452.094419	4434.286603	8.452014
372989.169322	7649213.476135	451.359322	4439.286603	9.527977
372993.383296	7649210.847389	450.421616	4444.25328	12.75978
372998.106895	7649209.336685	449.111591	4449.212576	15.508745
373002.809278	7649207.753581	447.668731	4454.174292	16.197408
373007.526661	7649208.526661	446.281837	4458.954602	15.497587
373011.709278	7649210.5	445.060983	4463.579355	14.819155
373016.062195	7649212.062195	443.834779	4468.204109	14.178568
373019.635391	7649215.527773	442.635073	4473.181855	12.793039
373024.500285	7649216.651324	441.570835	4478.174806	11.750912
373027.258107	7649220.5	440.611607	4482.909559	8.318906
373032.258107	7649220.5	440.14745	4487.909559	5.424222
373036.837489	7649219.035998	439.68035	4492.717266	4.924897
373040.881114	7649216.125063	439.30388	4497.699679	2.875787
373045.309618	7649216.309618	439.207422	4502.132028	1.648579
373048.845152	7649219.845152	439.032415	4507.132028	1.752721
373049.5	7649224.573905	438.908347	4511.905908	1.474806
373053.573905	7649225.5	438.801951	4516.083749	2.741836
373058.573905	7649225.5	438.468827	4521.083749	5.68339
373063.573905	7649225.5	437.806776	4526.083749	5.813505
373067.380686	7649222.619314	437.473735	4530.857629	5.83771
373071.502837	7649220.5	436.844824	4535.492672	9.895235
373076.502837	7649220.5	435.793027	4540.492672	9.665347
373081.502837	7649220.5	435.141768	4545.492672	5.275518
373086.152935	7649219.369	434.889482	4550.278335	2.146062
373090.443611	7649217.039928	434.779497	4555.160391	4.763169
373095.235865	7649218.337943	434.069006	4560.125322	9.848021
373100.212225	7649218.535513	433.053127	4565.105603	11.750637
373105.152429	7649217.957202	431.998473	4570.079541	9.81003
373110.045525	7649217.195735	431.336883	4575.031532	8.258989
373114.973597	7649217.931388	430.556466	4580.01421	8.668344
373119.844204	7649218.979426	429.817739	4584.996298	8.89442
373124.181089	7649219.559624	429.092081	4589.37182	5.618324
373127.869193	7649216.188394	428.895783	4594.368549	3.783914
373132.592328	7649215.5	428.445948	4599.141588	5.881894
373137.592328	7649215.5	427.888989	4604.141588	6.881301
373141.713193	7649217.659693	427.281097	4608.794092	8.271734
373145.554946	7649220.695498	426.5008	4613.690538	11.337293
373150.272136	7649222.350906	425.297108	4618.689763	11.34187
373154.28148	7649220.71852	424.62982	4623.018681	10.173063
373159.190966	7649220.5	423.638518	4627.933027	12.21088
373164.190966	7649220.5	422.484357	4632.933027	13.324058
373169.190966	7649220.5	421.270257	4637.933027	14.878981
373174.190966	7649220.5	419.827572	4642.933027	14.597756
373178.737966	7649222.51117	418.673263	4647.90495	11.518993
373183.369838	7649224.24854	417.806184	4652.851938	9.50403
373188.334621	7649224.787875	417.009044	4657.84593	10.132599
373193.331054	7649224.699193	416.020666	4662.84315	11.367809
373198.328263	7649224.532156	414.999157	4667.843149	12.539173
373203.18188	7649223.864502	413.819005	4672.742472	13.994776
373208.135526	7649224.541624	412.532085	4677.742182	14.243152
373212.732684	7649223.330645	411.3432	4682.496162	12.64449
373217.153327	7649221.00416	410.344944	4687.491623	11.55568
373221.364103	7649218.573835	409.327801	4692.353424	6.671848
373225.152623	7649215.42251	409.199834	4697.281277	5.25521
373229.990923	7649214.294546	408.417615	4702.24932	7.492667
373234.787174	7649213.163337	407.898343	4707.177165	4.674806
373238.928334	7649214.928334	407.646571	4711.678766	2.485626
373243.691542	7649215.5	407.494689	4716.476156	1.510266
373248.691542	7649215.5	407.388268	4721.476156	1.432313
373253.691542	7649215.5	407.244659	4726.476156	2.835165
373258.691542	7649215.5	406.893049	4731.476156	8.015164
373263.691542	7649215.5	405.836593	4736.476156	13.533851
373268.668462	7649215.939254	404.486984	4741.472423	13.391927
373273.554198	7649216.445802	403.477676	4746.384348	9.039272
373277.089732	7649218.089732	403.085315	4750.283387	6.250374
373281.048417	7649220.86722	402.521019	4755.119257	6.548562
373285.704261	7649220.946292	401.995676	4759.775771	8.517656
373290.565256	7649222.113578	401.074967	4764.774955	10.758063
373295.009758	7649223.966077	400.130998	4769.590072	9.855064
373297.958911	7649228.002008	399.370176	4774.588696	7.062079
373300.905981	7649232.03406	398.893071	4779.582958	5.782349
373303.914509	7649235.5	398.399699	4784.17251	6.47554
373308.914509	7649235.5	397.804659	4789.17251	8.244208
373313.914509	7649235.5	396.950844	4794.17251	8.791419
373318.914509	7649235.5	396.258157	4799.17251	7.152344
373323.04913	7649238.125179	395.708884	4804.070128	5.33246
373325.839054	7649241.839054	395.367483	4808.715183	3.357999
373329.374588	7649245.374588	395.142974	4813.715183	2.924135
373334.191458	7649246.47577	394.859704	4818.656321	5.198006
373337.987385	7649249.722244	394.239102	4823.651183	8.027534
373342.658865	7649249.996609	393.495356	4828.330713	7.49296
373345.555853	7649246.680281	393.044473	4832.734186	5.464237
373349.728158	7649245.5	392.659367	4837.070221	4.109534
373354.728158	7649245.5	392.373716	4842.070221	3.063654
373359.728158	7649245.5	392.124164	4847.070221	3.240428
373364.661332	7649245.661332	391.811202	4852.006032	6.05363
373368.196866	7649249.196866	391.070496	4857.006032	16.384139
373372.63048	7649250.90904	388.943839	4861.758765	31.265248
373377.039768	7649252.828187	385.265119	4866.567606	34.508154
373380.209315	7649256.209315	382.451919	4871.202048	24.723656
373383.744849	7649259.744849	380.829099	4876.202048	13.570398
373388.432055	7649260.5	380.099117	4880.949695	6.668846
373392.650706	7649262.852469	379.70927	4885.779925	4.811609
373397.060356	7649265.061264	379.277399	4890.711841	5.843284
373401.679853	7649266.94352	378.694074	4895.700091	6.301566
373406.504918	7649268.11403	378.178306	4900.665103	6.178473
373410.922642	7649269.812587	377.64425	4905.398113	8.441077
373415.828014	7649268.844431	376.733973	4910.398113	9.70821
373420.746265	7649269.073884	375.946565	4915.321714	8.750947
373425.401132	7649270.5	375.226715	4920.190142	6.637701
373430.401132	7649270.5	374.798202	4925.190142	5.220272
373435.137197	7649269.862803	374.333318	4929.968879	6.088028
373438.672731	7649266.327269	373.755254	4934.968879	8.137235
373443.330065	7649265.5	372.94209	4939.699115	8.802239
373448.330065	7649265.5	372.24859	4944.699115	6.411117
373453.330065	7649265.5	371.818479	4949.699115	4.647663
373457.208265	7649262.791735	371.45759	4954.429351	4.281495
373460.743799	7649261.743799	371.188293	4958.116921	2.462287
373464.279332	7649265.279332	371.084023	4963.116921	5.164273
373467.814866	7649262.185134	370.311802	4967.815226	9.390242
373471.3504	7649262.3504	369.721763	4971.35462	6.306259
373474.5	7649266.045793	369.384096	4976.210123	2.368434
373475.045793	7649270.5	369.335342	4980.697645	4.680053
373480.045793	7649270.5	368.607428	4985.697645	7.429861
373484.97691	7649270.765418	368.039359	4990.6359	8.398522
373489.345876	7649273.196907	367.14018	4995.6359	6.520695
373491.342931	7649277.342931	366.941877	5000.237828	3.74575
373495.03523	7649280.5	366.520866	5005.095827	3.781293
373499.878465	7649280.878465	366.299746	5009.953826	3.469745
373503.413999	7649284.413999	365.923168	5014.953826	4.146504
373507.450018	7649283.684012	365.639936	5019.05533	4.751591
373511.82736	7649282.82736	365.211512	5023.515708	5.773712
373515.720316	7649285.5	364.711499	5028.237796	6.422664
373520.697059	7649285.737111	364.119126	5033.220184	7.736692
373525.448686	7649287.091647	363.363383	5038.161108	8.70791
373529.377495	7649290.16253	362.598649	5043.147677	8.551551
373534.219269	7649290.648168	361.881877	5048.013745	10.012195
373537.224881	7649294.565311	360.867937	5052.951124	11.061083
373541.743297	7649295.5	360.014749	5057.565203	9.979999
373546.743297	7649295.5	359.176227	5062.565203	8.920325
373551.743297	7649295.5	358.445203	5067.565203	6.989218
373556.08625	7649293.91375	357.996474	5072.188777	4.285159
373559.672229	7649290.5	357.727798	5077.13983	6.586
373564.621784	7649290.378216	356.853247	5082.090884	11.846547
373568.157318	7649286.842682	355.64054	5087.090884	14.60488
373572.450638	7649284.54557	354.281689	5091.960105	16.764033
373576.019081	7649281.337889	352.728476	5096.758334	15.711999
373579.835794	7649278.19794	351.541626	5101.700659	12.769067
373583.88846	7649275.323653	350.482495	5106.669123	8.319313
373586.407594	7649271.194009	350.107779	5111.506477	6.487367
373589.43518	7649273.762489	349.480985	5115.476787	8.164022
373594.092189	7649275.5	348.825146	5120.447368	7.325001
373599.092189	7649275.5	348.19934	5125.447368	7.251711
373603.675465	7649277.411463	347.55706	5130.413262	8.88928
373608.441376	7649278.72854	346.649351	5135.357815	10.626286
373613.390537	7649279.187384	345.696877	5140.328201	10.306287
373616.659429	7649282.659429	344.878404	5145.096928	10.430045
373620.231488	7649286.156409	343.898951	5150.095775	11.75931
373623.897927	7649289.554997	342.797151	5155.095092	9.384769
373624.5	7649294.298178	342.28251	5159.876332	6.550811
373628.298178	7649295.5	341.790658	5163.860116	4.594607
373633.298178	7649295.5	341.560564	5168.860116	4.674836
373638.298178	7649295.5	340.972954	5173.860116	7.35773
373642.330706	7649292.967558	340.30009	5178.621895	8.445117
373646.458742	7649290.5	339.551958	5183.431212	10.576829
373651.458742	7649290.5	338.468488	5188.431212	11.271059
373656.074914	7649289.33539	337.60674	5193.192027	9.54264
373660.214277	7649286.60855	336.834928	5198.148838	10.56368
373665.148817	7649285.827151	335.750703	5203.144864	10.290886
373669.913259	7649286.637044	335.050399	5207.977651	7.150979
373674.287537	7649289.058455	334.517147	5212.977405	6.732093
373679.129855	7649290.272222	333.870984	5217.969526	8.379709
373683.979772	7649291.447572	333.046726	5222.959832	9.525107
373688.785648	7649292.810911	332.195484	5227.955342	10.059456
373693.490343	7649294.503779	331.273605	5232.955338	10.015054
373697.575284	7649292.424716	330.503094	5237.538923	8.480645
373701.110818	7649292.110818	330.060961	5241.088364	4.845445
373704.702885	7649295.459067	329.78595	5245.998936	3.563153
373709.605822	7649294.481973	329.443898	5250.998286	4.896364
373714.587114	7649294.290819	328.930657	5255.983245	6.16171
373719.558379	7649293.943147	328.367759	5260.966652	7.33111
373724.445283	7649294.41627	327.657891	5265.876405	9.132027
373729.308252	7649295.536666	326.776388	5270.866772	8.659374
373734.222465	7649296.452244	326.136631	5275.865549	7.362537
373738.788089	7649298.292811	325.494452	5280.788212	6.878527
373741.850437	7649300.769172	325.067736	5284.726528	6.464004
373746.829353	7649301.205113	324.482009	5289.724493	9.181669
373751.749042	7649301.946568	323.455751	5294.699741	12.459292
373756.720295	7649302.453838	322.278699	5299.696808	10.830859
373761.619376	7649303.44448	321.543523	5304.695044	8.95506
373766.579043	7649303.270929	320.709096	5309.657747	8.731842
373771.102193	7649305.241593	320.023561	5314.591549	7.043126
373775.944971	7649306.105038	319.491813	5319.510699	5.686398
373780.717155	7649307.570452	319.036691	5324.50281	4.910098
373785.615068	7649308.571298	318.633514	5329.501934	4.967333
373789.944429	7649310.644299	318.185027	5334.302007	5.96512
373794.595571	7649312.478853	317.60956	5339.301878	5.645407
373798.685858	7649311.314142	317.27041	5343.55476	5.822142
373803.34863	7649310.5	316.693294	5348.288074	8.712155
373808.34863	7649310.5	315.778935	5353.288074	11.02147
373813.34793	7649310.573386	314.745692	5358.287913	11.10142
373818.34651	7649310.691853	313.81685	5363.287897	10.063193
373823.291369	7649310.5	312.980229	5368.236477	9.354072
373828.291046	7649310.549507	312.178127	5373.236399	5.934336
373829.5	7649314.356238	312.045368	5377.23049	4.052539
373832.428344	7649318.009057	311.56348	5381.912188	6.342439
373835.712414	7649321.595737	310.984492	5386.775251	6.518601
373839.235922	7649325.143255	310.436516	5391.775251	4.03801
373842.706302	7649328.706302	310.280426	5396.749066	1.616222
373844.5	7649332.963328	310.165841	5401.368549	2.445011
373845.486474	7649337.757178	309.874206	5406.262845	4.249864
373848.691867	7649340.5	309.488668	5410.481567	3.942216
373852.464098	7649343.464098	309.252888	5415.279025	2.26798
373854.5	7649347.6208	309.11537	5419.90753	1.975367
373855.912415	7649352.082048	308.931862	5424.587023	3.700886
373859.231741	7649355.821016	308.489307	5429.586804	6.494414
373862.968662	7649359.133416	307.794274	5434.580457	7.975121
373867.034515	7649361.915489	307.099545	5439.507027	8.194151
373871.275651	7649363.724349	306.420957	5444.117798	5.203373
373874.879818	7649360.722284	306.25252	5448.808471	5.678902
373879.195131	7649363.247769	305.457332	5453.808471	9.070243
373883.698996	7649365.409632	304.656817	5458.804315	9.442663
373887.448971	7649368.43299	303.825376	5463.621264	11.713117
373889.5	7649371.79173	302.842246	5467.556725	11.104207
373890.413391	7649376.413391	302.128389	5472.267779	9.748965
373893.948925	7649379.948925	301.173812	5477.267779	8.277823
373894.5	7649384.720662	300.702138	5482.071232	5.959685
373897.484459	7649388.484459	300.170949	5486.874685	6.931546
373900.077317	7649392.570618	299.529874	5491.714066	8.636163
373902.99649	7649395.716883	298.784116	5496.005984	8.439326
373904.5	7649399.378715	298.305811	5499.964463	5.428467
373907.242666	7649403.242666	297.957685	5504.702852	4.530082
373911.306249	7649405.571082	297.559345	5509.386252	5.412067
373916.248437	7649405.5	297.045732	5514.32895	6.486228
373921.245081	7649405.608278	296.42922	5519.326767	7.96558
373926.236238	7649405.904983	295.646801	5524.326736	9.510799
373931.087929	7649406.671956	294.768665	5529.238676	11.534778
373935.30534	7649409.319826	293.628125	5534.218412	13.321192
373939.849949	7649410.5	292.477863	5538.913759	12.008749
373944.747451	7649410.747451	291.586303	5543.817508	10.51015
373948.282985	7649414.282985	290.640552	5548.817508	11.47088
373952.701371	7649416.208723	289.593697	5553.637321	12.498921
373957.276806	7649417.711782	288.504601	5558.453315	10.558012
373961.680864	7649419.819458	287.786098	5563.335735	7.109322
373966.665816	7649420.172066	287.272408	5568.333142	6.17808
373971.56482	7649420.5	286.71368	5573.24311	7.278209
373976.51935	7649420.930941	286.010198	5578.216345	9.018222
373981.405294	7649421.992552	285.130879	5583.216292	9.595582
373986.241972	7649422.241972	284.346201	5588.059398	6.626638
373989.86468	7649425.64501	283.99083	5593.029778	7.573959
373994.613456	7649427.06448	283.026319	5597.986164	12.371463
373999.596348	7649427.473791	281.807112	5602.985839	11.104773
374004.497738	7649427.148121	281.080888	5607.898037	7.006819
374008.983424	7649428.646132	280.622166	5612.627246	5.575714
374013.863103	7649429.485058	280.13588	5617.578514	5.367198
374018.838074	7649429.983938	279.687277	5622.578436	5.850524
374022.957679	7649432.6556	279.120458	5627.48852	7.183055
374027.912009	7649432.905304	278.44332	5632.449138	4.530218
374030.441982	7649431.441982	278.495864	5635.371821	2.647908
374033.977516	7649434.977516	278.076926	5640.371821	4.626839
374034.5	7649439.761095	277.701804	5645.18385	5.190246
374034.673655	7649444.757555	277.185719	5650.183327	6.094073
374035.078162	7649449.740457	276.634322	5655.182621	5.896075
374035.470275	7649454.724127	276.153212	5660.181692	6.068772
374035.981539	7649459.682255	275.572929	5665.16611	7.241315
374039.461591	7649463.122544	274.89814	5670.059612	7.088704
374043.08802	7649466.48502	274.349432	5675.005036	9.417218
374045.585692	7649470.515923	273.291455	5679.747035	10.517367
374049.5	7649471.731494	272.708182	5683.845744	7.557643
374050.731494	7649475.5	272.221676	5687.810364	5.044096
374055.731494	7649475.5	271.91695	5692.810364	4.313205
374060.370798	7649476.370798	271.48857	5697.530685	6.303015
374063.906332	7649479.906332	270.843331	5702.530685	7.950009
374068.650772	7649480.783253	270.116565	5707.355487	8.769719
374073.642786	7649480.62408	269.328573	5712.350038	8.019873
374078.641274	7649480.502087	268.708433	5717.350014	8.655497
374082.550924	7649483.527455	267.814956	5722.293516	9.275679
374086.176176	7649486.970517	267.084552	5727.293229	9.651904
374089.667664	7649490.527425	266.117053	5732.277412	11.784276
374091.971965	7649494.96444	265.001734	5737.277103	10.339085
374096.653038	7649495.5	264.345419	5741.988713	8.028283
374101.653038	7649495.5	263.632008	5746.988713	7.858397
374106.652649	7649495.459072	262.965277	5751.988492	6.666083
374111.651758	7649495.364695	262.46334	5756.988492	5.459292
374116.595022	7649495.5	262.01483	5761.933607	5.368285
374121.595022	7649495.5	261.528831	5766.933607	6.204504
374126.595022	7649495.5	260.927719	5771.933607	6.649666
374131.56786	7649495.16374	260.364884	5776.917801	6.555574
374136.521618	7649494.51	259.780766	5781.914509	7.288974
374141.391419	7649495.201911	259.096667	5786.833219	7.64031
374146.33858	7649495.472957	258.456356	5791.787799	7.638365
374151.337867	7649495.389517	257.7617	5796.787782	7.566605
374156.297575	7649495.497922	257.13324	5801.748675	7.397642
374161.28498	7649495.68668	256.469632	5806.73965	8.399263
374166.255887	7649496.224741	255.658085	5811.739593	9.035178
374171.06419	7649497.438038	254.886067	5816.698612	8.493812
374175.907397	7649498.63772	254.1724	5821.68819	8.488438
374180.769163	7649499.804231	253.395257	5826.687942	8.885442
374185.673925	7649500.445337	252.617496	5831.634426	8.888755
374190.666593	7649500.180617	251.839775	5836.634107	8.448968
374195.555644	7649499.366773	251.13867	5841.590432	8.914434
374199.443442	7649496.236537	250.279494	5846.58176	10.878695
374204.181916	7649494.701161	249.222203	5851.562776	11.528765
374208.872432	7649492.982615	248.244608	5856.558207	11.15356
374213.364424	7649490.787938	247.251638	5861.557667	11.297917
374218.238647	7649489.837139	246.253731	5866.523759	11.1834
374223.15013	7649488.936651	245.282673	5871.517109	10.43182
374227.000957	7649485.824467	244.422907	5876.468326	9.876422
374231.86888	7649485.460438	243.570807	5881.349842	9.494846
374236.868211	7649485.378678	242.770272	5886.349842	9.866418
374241.029964	7649483.47699	241.905421	5890.925495	10.367622
374244.49521	7649479.925986	241.02548	5895.887103	9.799628
374247.995464	7649476.355663	240.184889	5900.887002	8.407572
374250.86811	7649472.319627	239.554322	5905.840958	5.892056
374254.182361	7649470.182361	239.266687	5909.784581	3.0024
374258.959057	7649469.590875	239.095044	5914.597759	3.177112
374263.85841	7649468.76474	238.723741	5919.566275	5.721645
374268.496738	7649467.093351	238.103265	5924.496553	7.947468
374273.345664	7649467.363298	237.357499	5929.352987	9.697206
374277.880054	7649465.5	236.435713	5934.25529	10.384183
374282.801496	7649464.775503	235.547642	5939.229773	9.597184
374287.605286	7649463.418223	234.750588	5944.221627	9.510845
374291.925682	7649460.901446	233.873685	5949.221627	10.353671
374296.138557	7649458.861443	232.981972	5953.90243	9.836419
374299.746127	7649455.493917	232.206493	5958.837487	9.183988
374304.706484	7649455.392009	231.381981	5963.798892	9.203907
374309.308792	7649453.437843	230.592449	5968.798892	8.68555
374313.817907	7649451.278313	229.854459	5973.798461	7.30941
374318.505122	7649450.5	229.341731	5978.549856	6.418635
374322.589127	7649447.950825	228.778377	5983.364146	6.394813
374326.926138	7649445.903695	228.264691	5988.16002	6.092179
374331.918481	7649445.670416	227.733119	5993.15781	8.073388
374336.863799	7649445.5	226.853915	5998.106064	10.517494
374341.620795	7649444.456077	225.910331	6002.976257	8.106384
374345.950845	7649441.988918	225.450435	6007.959852	4.384431
374350.174581	7649439.825419	225.164393	6012.705447	4.922494
374353.710115	7649436.289885	224.611113	6017.705447	8.97508
374356.503071	7649432.177103	223.589559	6022.676923	13.991073
374359.78929	7649428.530335	222.149347	6027.58591	9.422556
374361.163513	7649423.836487	221.963286	6032.476789	6.720218
374364.781495	7649420.5	220.993172	6037.398368	11.846002
374369.699047	7649420.300953	219.898757	6042.319947	7.933139
374373.234581	7649416.765419	219.610632	6047.319947	3.594273
374377.689304	7649415.132326	219.286672	6052.06458	6.793906
374382.466655	7649415.5	218.474582	6056.856059	11.198123
374387.466655	7649415.5	217.3483	6061.856059	13.009501
374392.466466	7649415.466486	216.164241	6066.855982	8.247696
374394.5	7649412.477176	216.099526	6070.471398	5.08202
374397.522824	7649410.5	215.521515	6074.083418	10.974839
374402.522824	7649410.5	214.429494	6079.083418	11.578247
374406.605875	7649408.331416	213.550021	6083.706627	10.683405
374410.145098	7649404.854902	212.621454	6088.667701	11.686095
374413.680632	7649401.319368	211.489765	6093.667701	11.52822
374417.78207	7649398.504578	210.587081	6098.642119	9.692151
374422.112961	7649396.022036	209.787638	6103.634076	7.008083
374426.963707	7649395.5	209.373732	6108.512832	7.028636
374429.547138	7649397.963256	208.74606	6112.082391	9.834768
374432.058475	7649400.5	208.136165	6115.651968	5.836007
374436.309115	7649402.309115	207.909057	6120.271582	2.550674
374439.958804	7649405.664513	207.709535	6125.229296	2.71906
374444.295892	7649405.704108	207.467631	6129.566564	5.715906
374449.211348	7649405.5	206.783	6134.486255	9.569189
374454.211348	7649405.5	205.795377	6139.486255	10.182984
374457.831426	7649408.831426	205.001261	6144.405947	8.522148
374462.14028	7649410.5	204.365836	6149.026592	8.436638
374467.14028	7649410.5	203.574363	6154.026592	9.451716
374472.14028	7649410.5	202.701122	6159.026592	8.514245
374477.14028	7649410.5	202.077356	6164.026592	7.119049
374481.467118	7649408.738886	201.493242	6168.698107	7.323441
374485.33402	7649405.61386	200.838047	6173.6699	7.422791
374490.307669	7649405.5	200.197401	6178.644852	6.002049
374495.307669	7649405.5	199.789308	6183.644852	5.498895
374500.307669	7649405.5	199.234733	6188.644852	7.450537
374505.307669	7649405.5	198.481603	6193.644852	8.4431
374509.514815	7649406.307533	197.856704	6197.928796	4.776232
374509.626737	7649411.306068	197.705928	6202.928584	3.128935
374510.635907	7649415.889818	197.326839	6207.62211	8.409141
374514.850307	7649418.58022	196.272983	6212.622053	10.796081
374519.328612	7649420.781085	195.421941	6217.611946	9.17108
374524.176029	7649421.997638	194.660561	6222.60969	8.703808
374528.469324	7649424.1961	193.918465	6227.433135	9.625559
374532.105056	7649427.606551	192.997144	6232.418084	11.944765
374535.48311	7649431.287104	191.807116	6237.413855	14.037847
374538.918388	7649434.918388	190.498297	6242.41259	13.859152
374542.865488	7649437.968497	189.343215	6247.400853	9.371579
374547.037998	7649440.5	188.869628	6252.281257	7.825163
374551.411007	7649442.170176	188.029212	6256.962357	10.163315
374555.12092	7649445.517354	187.134764	6261.959061	10.824459
374558.320349	7649449.320349	186.123644	6266.928882	12.215432
374562.581738	7649451.7662	184.995212	6271.842294	13.192695
374565.682055	7649455.288638	183.871959	6276.534792	10.408085
374570.495932	7649455.817494	183.243812	6281.377632	6.204973
374575.223432	7649457.429335	182.802425	6286.372358	4.603059
374579.517307	7649459.964717	182.440227	6291.358892	4.907393
374584.155669	7649459.226694	181.971044	6296.055602	6.969641
374589.076809	7649458.463414	181.257318	6301.035583	6.804731
374593.781117	7649459.22015	180.80827	6305.800367	4.05936
374598.271746	7649460.5	180.587809	6310.469817	3.128006
374603.130958	7649461.520885	180.281763	6315.435112	4.150954
374607.634761	7649463.626766	179.866646	6320.40693	4.175908
374612.117459	7649465.5	179.564057	6325.265282	3.982217
374616.673272	7649466.958761	179.195438	6330.048943	4.973692
374621.024468	7649469.324986	178.716742	6335.001915	7.80453
374625.860221	7649470.543691	177.833077	6339.988873	8.496131
374630.799289	7649470.458787	177.233908	6344.928671	7.761222
374635.751013	7649469.766735	176.478408	6349.928522	8.074091
374640.659873	7649469.874404	175.828136	6354.838562	6.779356
374645.62018	7649470.494826	175.300487	6359.837519	5.811975
374649.654821	7649467.56989	174.812094	6364.820849	7.988282
374654.193355	7649465.492052	173.90073	6369.812412	10.416153
374658.771758	7649463.753014	172.994274	6374.709965	7.331921
374663.450934	7649462.579188	172.649881	6379.534129	4.302518
374668.188248	7649461.074353	172.257393	6384.50471	5.94883
374673.129904	7649460.5	171.613577	6389.479631	9.037455
374678.0768	7649459.881367	170.673201	6394.465058	10.191869
374682.9542	7649458.794752	169.818975	6399.462034	7.237684
374687.192838	7649456.23627	169.409876	6404.412981	5.018162
374691.938495	7649455.278464	168.959158	6409.25433	6.390162
374696.925419	7649454.935013	168.307877	6414.253067	9.301301
374701.788047	7649454.007209	167.329749	6419.203417	9.64626
374706.663907	7649452.921118	166.617476	6424.198776	10.199149
374710.768372	7649450.096834	165.534694	6429.181065	11.395115
374714.687713	7649447.003908	164.607104	6434.173803	10.337119
374719.039555	7649444.608919	163.718029	6439.141146	8.621316
374722.912334	7649441.447768	163.096069	6444.140275	7.242337
374727.491048	7649439.973345	162.471488	6448.95053	7.38694
374732.171201	7649438.49955	161.836344	6453.857249	7.053234
374736.08511	7649435.406393	161.247196	6458.845867	6.531559
374739.116698	7649431.430561	160.692771	6463.845644	5.295154
374742.484105	7649427.83847	160.3275	6468.769315	5.076569
374746.501966	7649425.5	159.842418	6473.418149	6.202856
374751.501966	7649425.5	159.278846	6478.418149	5.264966
374756.413228	7649426.089429	158.92587	6483.364655	3.782359
374761.177948	7649427.603967	158.621319	6488.364293	3.736485
374766.106904	7649428.310218	158.274199	6493.34359	4.967782
374770.96573	7649427.400375	157.758853	6498.286868	6.31915
374775.868258	7649426.863975	157.180674	6503.218653	8.139778
374780.824109	7649426.254789	156.339337	6508.211805	8.777788
374785.501755	7649424.753795	155.651164	6513.124377	7.113026
374789.51987	7649421.779018	155.102478	6518.123832	8.258926
374793.939135	7649419.449956	154.200427	6523.119273	9.449454
374798.438153	7649417.772568	153.471958	6527.920814	6.493014
374803.056339	7649416.943661	153.119981	6532.6128	4.410575
374804.5	7649412.541644	152.752752	6537.245499	4.735405
374806.032928	7649407.969783	152.336803	6542.06751	4.611715
374807.79106	7649403.79106	151.998122	6546.601024	1.606353
374804.744474	7649400.255526	152.078794	6551.26811	1.554206
374808.280008	7649396.719992	151.735836	6556.26811	4.23505
374812.659624	7649394.63963	151.349522	6561.116713	4.944977
374817.169673	7649392.536306	150.885792	6566.093108	5.231891
374820.878601	7649389.224866	150.438581	6571.065209	5.191308
374824.514041	7649385.79364	149.979905	6576.064181	2.498902
374824.5	7649380.871843	150.005633	6580.985999	1.176879
374824.5	7649375.871843	149.776084	6585.985999	4.626962
374827.440064	7649371.925666	149.202733	6590.907003	6.154741
374829.808268	7649367.757402	148.728488	6595.701043	5.248703
374832.855924	7649365.106066	148.391268	6599.740571	4.025553
374836.851996	7649362.348242	148.102531	6604.595897	3.746626
374841.139894	7649360.5	147.767575	6609.265166	5.102337
374846.139894	7649360.5	147.2392	6614.265166	6.344586
374850.65958	7649359.34042	146.692849	6618.931233	5.474841
374854.195114	7649355.804886	146.312774	6623.931233	4.976641
374859.068826	7649355.5	145.832263	6628.814473	4.07015
374864.068826	7649355.5	145.609531	6633.814473	2.493474
374867.730648	7649358.730648	145.401892	6638.697712	3.053261
374871.997759	7649360.5	145.102676	6643.31711	4.002047
374876.997759	7649360.5	144.728912	6648.31711	4.27502
374881.844201	7649359.637723	144.360968	6653.239662	4.285068
374886.621615	7649358.204045	143.986361	6658.22756	6.031801
374891.549294	7649357.369134	143.305844	6663.225469	8.080735
374896.08734	7649355.577347	142.584103	6668.104441	8.454248
374901.079349	7649355.5	141.838628	6673.097049	8.632275
374906.024858	7649355.088718	141.072831	6678.059629	9.797351
374910.735558	7649353.491652	140.122797	6683.033694	10.228295
374914.643499	7649350.5	139.287331	6687.955277	10.108125
374919.641174	7649350.474278	138.354498	6692.953019	10.317774
374924.558119	7649349.569877	137.467388	6697.952448	8.834854
374929.397289	7649348.498166	136.807095	6702.908871	6.024105
374933.708657	7649346.291343	136.433254	6707.752213	3.781843
374935.924263	7649341.889942	136.161238	6712.679812	2.333269
374938.486519	7649337.646192	136.030499	6717.637086	1.117435
374942.196411	7649335.5	135.980951	6721.923045	0.596029
374946.406651	7649337.406651	135.937833	6726.544888	0.480894
374950.125343	7649340.5	135.901561	6731.381983	0.808384
374955.125343	7649340.5	135.799037	6736.381983	2.760927
374960.125343	7649340.5	135.419329	6741.381983	5.545901
374965.125343	7649340.5	134.828089	6746.381983	6.173961
374970.11785	7649340.403484	134.338321	6751.375423	5.417143
374975.053461	7649339.606809	133.88049	6756.374917	5.032234
374979.986037	7649338.850549	133.458698	6761.365131	7.72859
374984.590379	7649337.135573	132.536482	6766.278491	12.113985
374989.198066	7649335.417513	131.348683	6771.196063	13.034453
374994.190136	7649335.146951	130.240758	6776.19546	13.629969
374999.072639	7649334.07948	128.924637	6781.193292	13.833937
375003.705061	7649332.253357	127.783931	6786.172655	11.608438
375008.211433	7649330.484415	126.907333	6791.013786	9.26467
375013.086485	7649329.533064	126.184044	6795.980797	8.457639
375017.651538	7649327.589673	125.431055	6800.942297	9.911105
375020.645841	7649323.767016	124.468746	6805.798072	6.791923
375020.754405	7649319.245595	124.31411	6810.320796	2.230537
375024.289939	7649315.710061	124.097848	6815.320796	2.998719
375025.302125	7649310.889517	123.794166	6820.246461	3.404044
375030.069266	7649310.117581	123.517626	6825.075697	2.988161
375034.666141	7649310.333859	123.301867	6829.677657	2.635871
375038.201675	7649306.798325	123.075593	6834.677657	2.315327
375039.5	7649302.336108	122.91182	6839.324917	5.36484
375041.737209	7649298.262791	122.202782	6843.972176	12.573187
375045.469412	7649294.995516	120.769064	6848.932461	23.091876
375049.839219	7649292.680226	117.979501	6853.877739	24.988646
375053.207063	7649289.002766	116.140309	6858.86433	16.218457
375056.198651	7649285.049889	115.087149	6863.821631	9.129848
375058.475477	7649280.615769	114.542624	6868.806142	5.742261
375062.296384	7649278.113489	114.126659	6873.373499	9.148182
375067.194691	7649277.885258	113.017495	6878.277119	16.143537
375070.616565	7649274.383435	111.290129	6883.173238	18.727354
375074.152099	7649270.847901	109.662683	6888.173238	10.495841
375074.5	7649265.992007	109.461936	6893.041579	9.992805
375079.007993	7649265.5	108.00593	6897.576342	16.677449
375084.007993	7649265.5	106.605549	6902.576342	16.327048
375087.687632	7649262.312368	105.115257	6907.444683	18.651863
375091.159955	7649258.715861	103.274918	6912.443872	19.443085
375094.782796	7649255.389656	101.614523	6917.362064	17.162993
375099.567295	7649253.985581	100.21608	6922.348331	12.98615
375103.307538	7649250.667362	99.311625	6927.348331	9.129691
375107.24879	7649247.75121	98.624693	6932.251126	8.061677
375110.953465	7649244.410774	97.910704	6937.239426	8.235573
375114.782913	7649241.224741	97.181745	6942.220939	8.765606
375118.305492	7649237.697167	96.373946	6947.206151	10.187097
375122.434581	7649234.944465	95.39423	6952.168686	12.056001
375126.589081	7649232.198005	94.250446	6957.148938	12.193139
375130.699715	7649229.447482	93.249412	6962.094915	10.441436
375134.570308	7649226.300619	92.419773	6967.083326	9.486883
375139.114212	7649225.5	91.644845	6971.697223	10.179888
375144.114212	7649225.5	90.693495	6976.697223	10.894634
375149.061734	7649224.80607	89.720958	6981.693172	6.826474
375149.808337	7649220.425156	89.56345	6986.137251	6.145675
375154.657782	7649219.217604	88.704358	6991.134781	9.482729
375159.151051	7649217.035789	87.894424	6996.129755	8.704744
375163.843992	7649215.60389	87.188421	7001.036285	9.343684
375168.820026	7649216.091389	86.264484	7006.036142	7.636991
375169.5	7649220.469179	85.924012	7010.466425	5.581916
375173.01374	7649216.98626	85.348006	7015.413858	8.73476
375177.391805	7649215.308919	84.443587	7020.10224	10.02101
375181.542522	7649213.457478	83.716484	7024.647158	6.924214
375185.249289	7649210.173101	83.290234	7029.599658	5.369446
375189.853262	7649208.22419	82.781127	7034.599141	7.042645
375194.410878	7649206.200677	82.056585	7039.58577	8.610678
375199.278229	7649205.5	81.281421	7044.503295	9.634393
375204.278229	7649205.5	80.373088	7049.503295	8.629497
375207.878718	7649202.121282	79.773322	7054.44083	7.431344
375212.101632	7649199.751513	79.097494	7059.283227	7.998697
375216.58694	7649200.5	78.453939	7063.830559	6.99625
375221.58363	7649200.617497	77.926135	7068.82863	5.901026
375224.5	7649202.86095	77.557074	7072.508072	4.231046
375224.532738	7649207.860723	77.284056	7077.507952	4.784131
375226.929808	7649210.5	76.840242	7081.073303	6.017851
375231.218134	7649212.218134	76.421218	7085.693013	3.365906
375234.5	7649215.858741	76.28028	7090.594509	0.856129
375234.858741	7649220.5	76.278415	7095.249612	0.376727
375239.858741	7649220.5	76.216798	7100.249612	1.148947
375244.817892	7649220.666252	76.078628	7105.211549	3.306605
375249.248556	7649222.983408	75.641261	7110.211549	5.207881
375253.328797	7649221.671203	75.232268	7114.497601	5.810535
375257.843668	7649220.5	74.730481	7119.161911	4.388591
375261.864331	7649218.135669	74.51636	7123.82622	2.412463
375265.7726	7649215.5	74.335383	7128.540171	4.77633
375270.399864	7649214.600136	73.728622	7133.254121	7.108358
375273.935398	7649211.064602	73.124044	7138.254121	8.27906
375278.701533	7649210.5	72.302736	7143.05358	7.455708
375282.470932	7649207.529068	71.867908	7147.85304	4.830193
375286.272547	7649204.31807	71.476685	7152.829261	5.294286
375290.410644	7649201.52203	70.944013	7157.823427	6.415914
375294.626567	7649198.894896	70.35654	7162.790905	4.902068
375298.305698	7649195.509044	70.089162	7167.790905	3.145573
375299.5	7649199.326107	69.861977	7171.790446	3.903063
375303.326107	7649200.5	69.543248	7175.792585	2.306542
375307.205466	7649197.794534	69.510287	7180.52217	0.33009
375311.255039	7649195.5	69.489186	7185.176622	1.695687
375315.741	7649194.259	69.234714	7189.831074	3.750023
375319.276534	7649190.723466	68.856415	7194.831074	10.021463
375323.703947	7649188.43948	67.470847	7199.8129	13.904199
375327.126889	7649185.888425	66.566416	7204.081906	8.496786
375331.757461	7649187.774092	66.086188	7209.0817	4.740729
375334.618814	7649190.381186	65.830781	7212.952653	2.45883
375338.154348	7649186.845652	65.705271	7217.952653	1.572951
375342.531559	7649184.866902	65.561579	7222.756342	2.20633
375347.176587	7649183.450453	65.333118	7227.612536	2.620622
375350.050272	7649179.949728	65.132021	7232.141679	1.517043
375353.585806	7649176.414194	65.08076	7237.141679	1.014906
375358.207134	7649175.5	64.959995	7241.852563	1.344791
375362.12134	7649172.87866	64.859587	7246.563447	1.193058
375365.656874	7649171.656874	64.783989	7250.304137	0.866291
375369.192408	7649175.192408	64.727425	7255.304137	1.705332
375373.979981	7649174.623081	64.491594	7260.125443	3.031493
375378.527943	7649174.527943	64.2312	7264.6744	2.362306
375382.729673	7649177.146829	64.099697	7269.62547	1.421853
375387.010205	7649175.275331	63.992357	7274.297243	1.273916
375391.148801	7649173.851199	63.898484	7278.674014	0.765534
375394.5	7649170.239311	63.868044	7283.60111	0.41319
375394.5	7649165.239311	63.826895	7288.60111	0.82828
375394.315665	7649160.315665	63.72453	7293.528205	0.641843
375390.780131	7649156.780131	63.715688	7298.528205	-0.00429
375389.5	7649152.310379	63.725252	7303.177659	0.051688
375389.5	7649147.310379	63.706983	7308.177659	0.68328
375391.755403	7649143.244597	63.610176	7312.827113	1.363972
375393.709064	7649139.709064	63.500105	7316.866518	0.977822
375390.17353	7649136.17353	63.455897	7321.866518	0.991724
375392.362004	7649132.637996	63.341578	7326.024573	0.687079
375394.5	7649128.523583	63.35043	7330.66132	-0.851955
375396.476417	7649125.5	63.464241	7334.27356	0.058867
375401.476417	7649125.5	63.341582	7339.27356	2.296855
375406.476417	7649125.5	63.063162	7344.27356	3.683537
375411.476417	7649125.5	62.697815	7349.27356	4.003996
375416.476417	7649125.5	62.363213	7354.27356	3.309657
375421.476417	7649125.5	62.119545	7359.27356	2.685268
375424.5	7649123.523583	61.959302	7362.885799	1.577017
375424.5	7649118.523583	61.882447	7367.885799	1.479556
375425.897538	7649114.102462	61.710403	7372.522546	2.744577
375429.433072	7649110.566928	61.420489	7377.522546	4.842831
375433.946622	7649108.611623	60.870049	7382.441424	4.321348
375438.647675	7649106.962763	60.672363	7387.423254	2.274308
375443.068758	7649104.793593	60.476628	7392.347813	2.728414
375447.150852	7649101.938684	60.200302	7397.329177	2.069645
375449.5	7649098.332661	60.141095	7401.632885	2.18065
375450.28555	7649093.480032	59.849253	7406.548685	6.130404
375451.701602	7649088.715882	59.079318	7411.518829	5.767929
375453.677098	7649085.016969	58.923664	7415.712222	1.153966
375454.5	7649080.638959	58.905123	7420.166898	0.687535
375454.5	7649075.638959	58.810209	7425.166898	1.686897
375454.5	7649070.638959	58.610627	7430.166898	2.566704
375454.5	7649065.638959	58.361947	7435.166898	2.062611
375454.5	7649060.638959	58.250489	7440.166898	1.893502
375457.937275	7649057.062725	58.032672	7445.127172	2.568013
375459.5	7649052.710027	57.820611	7449.751898	3.593388
375461.472809	7649048.527191	57.451834	7454.376624	5.418772
375464.5	7649044.781094	56.925074	7459.192963	7.045277
375464.5	7649039.781094	56.238701	7464.192963	7.519181
375463.991657	7649034.991657	55.629423	7469.009302	6.194216
375460.456123	7649031.456123	55.173339	7474.009302	5.946025
375460.131651	7649026.907266	54.633718	7478.569717	6.872543
375460.993957	7649021.993957	54.022482	7483.558121	6.004356
375459.412637	7649017.614096	53.619278	7488.214703	4.306735
375456.43287	7649015.5	53.396676	7491.868251	1.913951
375451.43287	7649015.5	53.330109	7496.868251	0.654422
375449.5	7649012.43287	53.298158	7500.493617	0.793943
375449.5	7649007.43287	53.210584	7505.493617	2.425019
375447.261553	7649003.403182	52.891202	7510.103283	5.738065
375444.5	7648999.600249	52.275153	7514.803121	9.392674
375444.5	7648994.600249	51.286726	7519.803121	9.098893
375444.5	7648989.600249	50.673658	7524.803121	4.825427
375445.117626	7648984.845714	50.459908	7529.597603	0.599599
375448.549832	7648981.209787	50.571159	7534.597603	-0.366442
375452.147248	7648977.852752	50.523354	7539.518081	-0.19009
375454.5	7648973.827293	50.602951	7544.180672	-1.511265
375456.172707	7648970.5	50.744611	7547.904759	0.912995
375461.172707	7648970.5	50.463927	7552.904759	2.874495
375464.5	7648968.827293	50.306574	7556.628847	1.439207
375463.317218	7648964.317218	50.253225	7561.291438	0.347822
375459.781684	7648960.781684	50.247917	7566.291438	-0.812928
375459.810895	7648955.908875	50.39331	7571.164334	0.195602
375464.428771	7648955.5	50.215455	7575.800276	1.150017
375467.985168	7648952.014832	50.200295	7580.779668	1.425611
375472.357703	7648950.5	49.976378	7585.407172	3.705886
375477.357703	7648950.5	49.576737	7590.407172	5.471726
375482.357703	7648950.5	49.018496	7595.407172	7.173767
375487.357703	7648950.5	48.318132	7600.407172	8.873108
375492.357703	7648950.5	47.457393	7605.407172	11.044673
375497.357703	7648950.5	46.366295	7610.407172	11.694958
375502.356254	7648950.591003	45.387602	7615.40655	8.622241
375504.5	7648953.514471	45.05856	7619.031783	5.609058
375507.514471	7648955.5	44.677085	7622.641404	5.907007
375512.514471	7648955.5	44.167804	7627.641404	5.141135
375517.514471	7648955.5	43.777398	7632.641404	2.596238
375521.631553	7648953.368447	43.730876	7637.277553	0.254793
375525.443404	7648950.5	43.735567	7642.048108	3.333378
375530.167087	7648949.832913	43.175179	7646.818662	2.734773
375533.702621	7648946.297379	43.26887	7651.818662	3.012922
375538.372336	7648945.5	42.662681	7656.555967	6.685016
375543.372336	7648945.5	42.127616	7661.555967	5.40161
375548.372336	7648945.5	41.717148	7666.555967	6.125837
375553.372336	7648945.5	41.054395	7671.555967	7.964826
375558.367954	7648945.684153	40.318179	7676.554978	8.213185
375563.188026	7648946.886905	39.615847	7681.522845	5.09775
375567.472082	7648948.472082	39.467535	7686.090768	1.31017
375571.007616	7648948.992384	39.42965	7689.664382	0.464766
375574.5	7648945.438977	39.398133	7694.646695	1.042626
375574.54315	7648940.45685	39.248306	7699.629009	0.474364
375578.078684	7648936.921316	39.315487	7704.629009	0.702284
375582.489955	7648935.5	39.130211	7709.263603	3.732305
375587.489955	7648935.5	38.68701	7714.263603	6.553096
375592.2831	7648936.592789	37.991134	7719.179742	9.310777
375596.281925	7648939.38169	37.081757	7724.055044	9.032783
375599.398768	7648943.283219	36.422302	7729.048704	8.029419
375603.013241	7648946.699114	35.675828	7734.021908	9.375964
375607.321089	7648949.204444	34.778338	7739.005304	10.621586
375611.987967	7648950.534462	33.831273	7743.858003	9.841835
375616.801987	7648950.78698	33.100238	7748.678642	7.617691
375621.44279	7648950.5	32.564726	7753.328309	5.052573
375626.44279	7648950.5	32.247104	7758.328309	2.182694
375631.44279	7648950.5	32.183601	7763.328309	0.058605
375635.87376	7648949.12624	32.237245	7767.967351	-1.232957
375639.409294	7648945.590706	32.391051	7772.967351	-0.094745
375644.371722	7648945.5	32.25372	7777.930609	4.137947
375649.371722	7648945.5	31.670264	7782.930609	9.565407
375654.371722	7648945.5	30.568607	7787.930609	11.081203
375659.371722	7648945.5	29.711808	7792.930609	10.385552
375664.283428	7648946.423307	28.73634	7797.928343	11.783796
375669.067779	7648947.72254	27.635027	7802.885965	13.64543
375673.562839	7648949.911625	26.31911	7807.885732	15.96249
375678.379534	7648950.5	24.817002	7812.738229	15.603104
375683.379534	7648950.5	23.567753	7817.738229	10.026479
375688.377301	7648950.368397	23.049108	7822.737729	1.082392
375689.5	7648946.453635	23.396354	7826.810297	-1.533077
375693.546365	7648945.5	23.269361	7830.967518	2.274144
375697.361212	7648948.361212	23.041901	7835.736123	2.365155
375701.475297	7648950.5	22.880898	7840.372944	3.031712
375706.122678	7648951.626371	22.543072	7845.154875	6.180976
375710.301259	7648954.355277	21.822561	7850.145613	7.752605
375715.136632	7648953.335365	21.190898	7855.087379	6.519246
375720.097158	7648953.311021	20.690995	7860.047965	8.678044
375725.091138	7648953.539842	19.670785	7865.047185	41.093139
375730.029849	7648954.094588	11.996965	7870.016954	0.000147
