x	y	z	L	slope
368429.0	7650529.9999	1955.952515	0.0	26.762795
368438.596414	7650531.774762	1951.030926	9.759165	21.151567
368446.889842	7650527.110058	1948.495432	19.274438	15.788828
368455.6055	7650522.836402	1945.595774	28.981487	19.076261
368462.127105	7650515.460599	1941.734042	38.826984	17.222068
368466.575406	7650512.26473	1940.846253	44.304297	10.945065
368475.468087	7650514.9999	1938.875674	53.60811	9.849254
368483.573628	7650519.573528	1937.615248	62.914982	8.16106
368487.109162	7650528.109062	1936.216147	72.153778	13.466085
368495.635502	7650532.078675	1933.151047	81.558898	18.280112
368502.882879	7650538.882779	1929.825732	91.499739	18.412704
368509.0	7650544.948684	1926.97404	100.114515	12.334757
368509.0	7650554.948684	1925.755348	110.114515	5.412427
368516.034853	7650562.034753	1925.080578	120.09958	3.017997
368523.10592	7650569.10582	1924.701712	130.09958	4.828279
368532.26407	7650571.816603	1923.429172	139.650498	7.598537
368538.079235	7650575.920665	1922.478163	146.768045	4.33988
368536.991833	7650582.991733	1922.346117	153.922236	3.092637
368546.160023	7650584.9999	1921.584562	163.30778	7.156032
368554.088955	7650589.9999	1919.990956	172.681572	8.217998
368562.598434	7650593.598334	1918.896523	181.920618	10.02723
368571.001936	7650598.895709	1916.600966	191.854449	13.363576
368580.161398	7650602.699866	1914.18062	201.772482	13.54995
368588.075736	7650604.075636	1912.274876	209.805506	12.980768
368596.61127	7650607.61117	1910.199334	219.044301	13.898785
368605.621825	7650609.9999	1907.682149	228.366111	10.884878
368614.09036	7650611.619206	1906.748924	236.988074	6.221002
368619.0	7650616.892954	1905.956934	244.193418	7.496976
368620.338592	7650626.338492	1904.545333	253.733335	8.114996
368624.0	7650634.821887	1903.27925	262.973134	6.117637
368631.750919	7650639.9999	1902.555993	272.294538	7.070172
368639.679851	7650644.9999	1900.960592	281.668329	12.264096
368649.354065	7650646.895634	1898.375489	291.526535	12.198307
368658.760947	7650649.760847	1896.703821	301.360094	8.952146
368667.605852	7650652.954796	1895.345131	310.764011	7.912367
368674.318104	7650660.049894	1894.039495	320.531035	10.259527
368683.965669	7650661.954236	1891.797481	330.364753	13.634046
368689.0	7650668.020388	1889.74234	338.247817	17.217451
368694.949421	7650674.9999	1886.512807	347.418923	19.423498
368704.284728	7650677.731097	1883.078895	357.145557	19.376671
368712.218468	7650683.218368	1879.699542	366.792027	14.910208
368720.754002	7650686.753902	1878.050467	376.030822	9.751687
368724.264747	7650695.264647	1876.529611	385.237238	12.158858
368729.0	7650703.30324	1874.056887	394.566847	16.992867
368734.40808	7650711.162641	1870.763247	404.107157	15.439372
368741.854333	7650714.9999	1869.10859	412.483985	9.424314
368751.373957	7650713.415114	1867.771049	422.134622	8.312272
368760.424638	7650709.402204	1866.252208	432.035039	8.908448
368769.625272	7650706.021759	1864.68285	441.837032	12.32505
368778.378812	7650706.253751	1862.1974	450.593647	12.997504
368782.654051	7650699.9999	1860.913147	458.169154	7.036452
368792.654051	7650699.9999	1860.028113	468.169154	6.273763
368801.582921	7650697.582821	1858.796886	477.419397	7.492461
368810.149918	7650701.282375	1857.584317	486.751071	11.150896
368818.456873	7650702.609985	1855.299376	495.163446	15.032346
368827.858232	7650699.9999	1852.705016	504.920398	12.887215
368835.787165	7650694.9999	1850.922477	514.294189	12.849138
368845.083565	7650692.13093	1848.347862	524.023221	13.778788
368851.868654	7650685.083277	1846.137671	533.806209	13.757407
368861.760272	7650684.42651	1843.525636	543.719606	16.352847
368871.6995	7650684.9999	1840.307808	553.675359	18.691469
368881.629994	7650683.973849	1836.780141	563.65872	18.841241
368891.048362	7650684.169365	1833.686851	573.079117	14.817546
368900.064179	7650680.104706	1831.672021	582.96883	17.710031
368910.000416	7650679.85457	1827.354952	592.908215	21.329688
368919.485639	7650677.838281	1824.004577	602.605373	19.848432
368929.353837	7650679.047658	1820.265879	612.547401	22.215896
368939.200509	7650677.436992	1815.869373	622.524935	20.628872
368949.034122	7650676.597068	1812.794724	632.394354	19.687798
368958.612366	7650675.736727	1808.897199	642.011159	22.257362
368968.50493	7650675.481152	1804.809214	651.907024	20.231643
368977.880274	7650674.9999	1801.790367	661.294711	21.757161
368987.880274	7650674.9999	1797.071754	671.294711	21.962587
368997.243899	7650677.129135	1793.885521	680.897374	17.128322
369006.425984	7650680.647123	1791.082248	690.730325	14.39718
369016.034895	7650683.021985	1788.820655	700.628362	13.550841
369025.832363	7650684.228437	1786.317598	710.499831	19.167864
369035.144966	7650680.92298	1781.954467	720.381663	20.589383
369043.116372	7650675.883528	1779.062786	729.812432	18.206442
369051.949176	7650672.683098	1775.762804	739.207174	19.549955
369061.142705	7650669.9999	1772.326104	748.784257	18.494476
369071.142705	7650669.9999	1769.214709	758.784257	14.970783
369081.140007	7650669.811299	1766.978461	768.783339	13.464232
369091.130027	7650669.9999	1764.428667	778.775138	16.266807
369101.11307	7650669.731665	1761.149097	788.761784	17.126915
369110.940078	7650667.92281	1758.27232	798.753884	15.432995
369120.040694	7650663.830355	1755.636088	808.732331	16.873206
369128.618035	7650659.9999	1752.396664	818.126114	16.728953
369138.618035	7650659.9999	1749.807173	828.126114	16.053843
369148.618035	7650659.9999	1746.64159	838.126114	21.176759
369158.618035	7650659.9999	1742.059266	848.126114	21.452187
369166.546967	7650654.9999	1739.028967	857.499905	16.775618
369173.147692	7650649.9999	1736.737432	865.780579	15.090202
369178.694286	7650642.466958	1734.273967	875.135254	13.955584
369186.925166	7650639.778237	1732.261109	883.794157	14.580938
369196.775654	7650638.325373	1729.431636	893.751211	18.032211
369206.356167	7650635.520822	1725.770141	903.733783	19.871895
369215.555882	7650631.890298	1722.249057	913.623952	19.774328
369224.767699	7650629.232201	1718.767775	923.211602	19.358652
369233.014622	7650624.9999	1715.6239	932.481129	16.853918
369239.368325	7650618.65126	1713.238767	941.463043	16.241308
369249.01005	7650616.043601	1710.097931	951.451173	13.939117
369258.61931	7650614.9999	1708.360825	961.116947	10.039381
369267.056001	7650619.9999	1706.650653	970.923973	10.606519
369276.998921	7650620.587793	1704.659257	980.884257	11.27886
369286.604659	7650623.126995	1702.6828	990.819938	12.637824
369296.467173	7650622.97245	1700.219975	1000.683662	11.784813
369305.633761	7650625.100349	1698.661694	1010.093992	10.800068
369313.395891	7650629.9999	1696.673932	1019.273112	14.157057
369321.935122	7650634.838012	1693.870843	1029.087683	16.07927
369330.866591	7650639.008917	1691.003806	1038.945045	16.614257
369337.662095	7650644.9999	1688.226594	1048.004336	12.786928
369347.585263	7650644.253691	1686.689424	1057.955522	9.882341
369357.504477	7650643.194371	1684.755243	1067.93114	12.807164
369367.182593	7650640.810847	1682.15602	1077.898442	18.132624
369376.461665	7650637.103774	1678.219105	1087.890618	17.011186
369384.127696	7650630.935453	1676.088817	1097.730141	11.603511
369393.199252	7650631.290516	1674.334701	1106.808643	11.168405
369402.851661	7650629.327228	1672.351821	1116.658694	10.839403
369411.443098	7650625.929416	1670.679786	1125.897628	7.157644
369421.256347	7650627.470501	1669.944247	1135.831147	10.138523
369430.838652	7650625.79054	1667.16392	1145.559602	15.701947
369440.056083	7650625.122329	1664.611469	1154.801223	14.3964
369449.957408	7650626.508482	1662.225496	1164.799106	12.144232
369459.530904	7650629.376069	1660.309621	1174.792847	11.241364
369469.300045	7650628.679244	1658.292696	1184.586809	11.175633
369478.294715	7650624.583537	1656.422239	1194.470073	10.61554
369486.556895	7650619.9999	1654.669545	1203.91853	9.484144
369496.481297	7650618.937022	1653.176462	1213.899686	8.975843
369506.170476	7650617.204881	1651.538402	1223.742475	10.400905
369515.338962	7650614.849791	1649.632404	1233.208603	12.123518
369525.05315	7650615.533629	1647.413224	1242.946831	11.031846
369534.209718	7650616.876097	1645.929756	1252.201287	10.441302
369543.873186	7650614.9999	1643.89389	1262.045206	8.389645
369551.802119	7650609.9999	1643.095565	1271.418997	9.309818
369561.802119	7650609.9999	1640.717996	1281.418997	13.445537
369571.779639	7650609.434452	1638.315785	1291.412527	13.476102
369581.604075	7650607.684593	1635.931959	1301.391583	14.537125
369590.577248	7650606.592246	1633.384276	1310.431	12.451558
369599.150324	7650610.079252	1631.892511	1319.686098	11.582499
369607.086864	7650615.878793	1629.472919	1329.515816	12.636862
369612.826188	7650623.826088	1627.490942	1339.318843	10.673871
369622.33998	7650624.9999	1625.818605	1348.904773	8.717384
369631.361722	7650627.361622	1624.591263	1358.230521	10.006635
369640.136777	7650630.807555	1622.509778	1367.65793	12.734164
369648.876124	7650634.9999	1620.27047	1377.350811	13.350143
369657.44794	7650638.44784	1618.017043	1386.590093	10.17845
369661.805056	7650644.9999	1617.199021	1394.458634	5.767694
369671.802343	7650645.123245	1616.212452	1404.456682	8.509994
369681.7275	7650644.9999	1614.2179	1414.382605	12.060317
369691.145756	7650647.869385	1611.988236	1424.228289	12.194257
369700.865159	7650649.059193	1609.974281	1434.020247	12.496889
369710.719859	7650649.9999	1607.624	1443.919743	13.668738
369720.719859	7650649.9999	1605.134956	1453.919743	10.481218
369728.751658	7650654.751558	1604.04767	1463.251841	8.348569
369738.648791	7650654.9999	1602.312693	1473.152089	11.515239
369748.648791	7650654.9999	1599.99353	1483.152089	10.893095
369757.287191	7650658.287091	1598.609649	1492.394794	8.459717
369766.162887	7650662.082817	1597.183173	1502.048059	7.332617
369775.045839	7650664.9999	1596.164394	1511.397722	5.133151
369783.393114	7650669.153539	1595.505786	1520.721332	4.99818
369791.141531	7650666.33518	1594.627942	1528.966399	7.13237
369797.45194	7650673.45184	1593.28397	1538.477872	8.731041
369803.443491	7650681.371054	1591.642228	1548.408261	9.650797
369811.729081	7650684.9999	1590.057243	1557.453676	8.98068
369821.40751	7650683.714683	1588.669796	1567.217064	9.346991
369831.013088	7650681.846717	1586.839617	1577.002586	11.195745
369840.772289	7650680.106257	1584.770986	1586.915769	11.978741
369850.344792	7650682.982339	1582.615802	1596.911001	12.313726
369859.967971	7650684.9999	1580.443018	1606.743403	12.483229
369869.56624	7650687.149313	1578.261596	1616.579395	11.543352
369877.602224	7650692.492778	1576.463237	1626.229766	11.33899
369880.40065	7650701.684536	1574.399818	1635.838074	10.612256
369884.0	7650709.699787	1573.016805	1644.624403	9.175927
369887.323322	7650718.323222	1571.487783	1653.866054	12.450413
369896.392606	7650719.9999	1568.940184	1663.089023	12.251647
369905.691828	7650721.691728	1567.432639	1672.540891	7.800677
369913.331841	7650728.087937	1566.280387	1682.504891	9.849133
369922.100287	7650732.759963	1563.977933	1692.440356	16.078999
369930.672488	7650733.327412	1560.94053	1701.031318	15.665959
369937.743556	7650733.743456	1559.58228	1708.114615	10.375699
369946.996141	7650736.188025	1557.891458	1717.684685	10.839292
369955.360797	7650734.9999	1556.132328	1726.133302	9.465554
369964.962229	7650735.962129	1554.874142	1735.782829	8.839081
369972.014567	7650743.051812	1553.076794	1745.782782	13.830947
369980.784735	7650747.398617	1550.002499	1755.57107	18.416264
369989.853442	7650751.247024	1546.537527	1765.422551	17.407849
369997.499934	7650757.640808	1543.788848	1775.389963	12.857792
370005.536415	7650763.445458	1541.999722	1785.303539	10.14068
370013.16012	7650769.16002	1540.311691	1794.83124	11.957524
370021.966307	7650773.766615	1537.877304	1804.769533	14.982276
370030.686779	7650778.48445	1534.998798	1814.6844	13.477993
370040.095946	7650779.9999	1533.216943	1824.214827	8.747424
370050.095946	7650779.9999	1531.993767	1834.214827	7.146366
370060.089005	7650779.710411	1530.709793	1844.212077	10.260718
370069.21323	7650776.498754	1528.43312	1853.885041	14.072075
370078.588841	7650774.9999	1525.905295	1863.379705	9.719757
370088.588841	7650774.9999	1525.094018	1873.379705	5.659662
370098.364981	7650774.364881	1523.943452	1883.176447	7.406834
370108.09854	7650775.167062	1522.550892	1892.943006	9.71605
370115.239886	7650779.833089	1520.810685	1901.473577	9.32056
370124.791451	7650779.208449	1519.579906	1911.045545	7.180787
370132.709388	7650773.405883	1518.36803	1920.862036	7.308169
370142.557324	7650771.72125	1517.039715	1930.853023	9.977112
370152.425006	7650772.20333	1514.872625	1940.732474	14.354205
370162.179418	7650772.183826	1512.015469	1950.486906	16.776516
370171.393898	7650769.9999	1509.07728	1959.956656	15.130641
370181.34624	7650769.524606	1506.760937	1969.920341	13.940211
370190.671409	7650766.133884	1504.141288	1979.842829	14.224078
370198.504741	7650760.495159	1501.799292	1989.49458	15.16439
370207.633812	7650756.83309	1498.859698	1999.330773	13.726413
370214.0	7650750.190419	1497.149435	2008.531503	11.480677
370221.738413	7650744.9999	1495.098644	2017.849471	12.289964
370229.831757	7650739.9999	1493.047142	2027.362736	12.554204
370239.575889	7650741.694615	1490.777822	2037.253143	12.803856
370249.378145	7650743.340273	1488.540646	2047.192581	14.166709
370258.903212	7650744.343604	1485.851426	2056.770346	14.777306
370263.601718	7650735.835877	1483.450575	2066.489264	17.268435
370271.350348	7650729.812175	1479.779408	2076.303858	23.653263
370280.194855	7650725.20451	1474.784067	2086.276615	23.306349
370286.228846	7650717.771054	1471.358869	2095.850815	16.655728
370294.0	7650712.210813	1469.061176	2105.406291	9.025265
370296.657414	7650704.153049	1468.493523	2113.890949	7.856789
370306.141071	7650701.040788	1466.513085	2123.872227	10.429675
370315.247676	7650699.9999	1464.969213	2133.038126	9.74218
370325.050033	7650698.493607	1463.236752	2142.955541	11.97499
370334.276	7650700.583642	1460.859435	2152.415283	16.960063
370344.091549	7650701.797223	1457.335784	2162.30557	20.282219
370353.712712	7650699.9999	1453.587539	2172.093172	19.576429
370361.641644	7650694.9999	1450.521817	2181.466963	17.064309
370369.570576	7650689.9999	1447.83299	2190.840754	15.602267
370377.135027	7650685.395236	1445.431426	2199.696478	10.632387
370386.925921	7650684.9999	1444.331068	2209.495351	7.953047
370396.88472	7650684.197846	1442.666753	2219.486395	11.053413
370404.95721	7650679.449504	1440.549929	2228.851855	10.814267
370413.620198	7650674.838836	1439.003323	2238.665398	9.529856
370423.065251	7650672.764917	1437.279151	2248.335463	9.251528
370432.649503	7650670.014228	1435.804104	2258.306631	9.812581
370442.470889	7650670.066933	1433.855986	2268.128158	14.944766
370452.368077	7650669.197717	1430.530853	2278.063442	16.869641
370461.986926	7650669.307125	1427.926299	2287.682913	16.44916
370471.83589	7650670.473593	1424.762682	2297.600712	19.055977
370481.400991	7650672.400891	1421.130313	2307.35805	17.946249
370490.324447	7650674.9999	1418.592397	2316.65229	15.354128
370500.322592	7650675.069976	1415.833016	2326.650681	12.573878
370510.267515	7650675.733931	1414.139281	2336.617743	12.542508
370520.071897	7650674.384784	1411.41398	2346.514515	14.626312
370529.424932	7650671.12443	1408.971752	2356.419523	13.505784
370538.750706	7650669.9999	1406.778941	2365.812852	9.594939
370548.750706	7650669.9999	1405.693476	2375.812852	8.115947
370557.655078	7650667.355766	1404.028362	2385.101516	11.20746
370567.153719	7650669.9999	1401.899502	2394.961315	13.46435
370575.082651	7650674.9999	1399.423582	2404.335106	14.640407
370585.051621	7650674.742556	1396.845809	2414.307398	15.989152
370594.546895	7650671.730618	1393.711914	2424.268923	16.998908
370603.294529	7650667.106376	1390.775761	2434.163604	16.527302
370612.320499	7650667.006859	1388.097565	2443.190123	17.720727
370621.728571	7650669.9999	1384.736908	2453.062819	18.363801
370631.516119	7650671.767955	1381.518888	2463.008778	16.879115
370641.499383	7650671.756731	1378.690069	2472.992049	16.092651
370651.267528	7650669.9999	1375.775643	2482.916922	15.404593
370661.138613	7650670.75357	1373.227899	2492.816737	15.199092
370670.795493	7650672.977294	1370.394046	2502.726343	15.430253
370678.371761	7650672.465212	1368.396931	2510.319896	15.730453
370687.42743	7650676.172675	1365.499278	2520.105111	18.635775
370696.004196	7650680.376611	1361.87612	2529.656759	21.456203
370705.967487	7650680.813613	1357.82585	2539.629629	23.504492
370715.875259	7650682.048153	1353.196883	2549.61402	18.595692
370725.282919	7650681.245782	1351.290042	2559.055834	10.135552
370734.356224	7650680.247361	1349.877292	2568.183906	7.974511
370743.316797	7650683.748671	1348.663707	2577.804251	10.130791
370752.347518	7650681.652382	1346.501887	2587.075085	9.956723
370761.625444	7650679.336033	1345.357611	2596.637793	8.430696
370770.425417	7650675.747698	1343.676087	2606.141249	11.834139
370778.840847	7650670.957578	1341.337496	2615.824466	10.243447
370788.501885	7650672.113339	1340.168018	2625.554391	8.824957
370797.907384	7650674.884419	1338.304673	2635.359609	12.866414
370807.889345	7650675.359338	1335.645914	2645.352862	15.978843
370814.711126	7650679.9999	1333.0808	2653.603408	14.07946
370823.038376	7650684.038276	1331.255677	2662.858221	14.171371
370832.161317	7650687.6938	1328.262381	2672.686289	18.066885
370838.968368	7650694.861951	1324.82518	2682.571547	19.662891
370848.927837	7650694.9999	1321.171323	2692.531971	18.7422
370858.435382	7650698.084678	1318.054314	2702.527433	17.725134
370868.096825	7650700.292493	1314.809099	2712.437929	17.785224
370877.997168	7650699.9999	1311.698198	2722.342595	13.565914
370887.660083	7650702.299658	1310.022544	2732.27541	16.40271
370897.248046	7650704.9999	1305.842307	2742.236351	23.367102
370907.248046	7650704.9999	1301.398563	2752.236351	19.279299
370917.109991	7650705.936788	1298.879498	2762.142698	13.85132
370925.94986	7650709.896125	1296.567744	2771.828751	14.876509
370935.775965	7650708.606297	1293.674049	2781.73915	16.487818
370945.409669	7650711.003549	1290.696264	2791.666641	19.246129
370954.224123	7650715.62111	1286.734001	2801.617342	23.285793
370963.120194	7650720.123095	1282.123041	2811.587696	23.576504
370970.684652	7650726.453325	1278.078681	2821.451409	16.834201
370978.865068	7650732.099661	1276.131283	2831.391244	12.321112
370983.205899	7650740.650328	1273.813209	2840.980651	15.281874
370991.800542	7650745.716284	1270.785457	2850.957214	17.754291
371000.85446	7650749.869618	1267.429666	2860.918318	20.41093
371009.728459	7650754.431531	1263.366108	2870.89624	21.482454
371016.676079	7650761.412093	1259.627003	2880.744979	18.568405
371024.533351	7650765.486587	1257.084665	2889.595867	17.050328
371032.797316	7650769.9999	1254.024847	2899.011977	18.916674
371042.797316	7650769.9999	1250.430943	2909.011977	23.678609
371052.797316	7650769.9999	1245.254656	2919.011977	27.791206
371062.797316	7650769.9999	1239.890427	2929.011977	26.505936
371072.797316	7650769.9999	1235.280777	2939.011977	23.198922
371082.415418	7650771.659577	1231.421894	2948.772224	18.329424
371091.738424	7650774.9999	1228.766668	2958.675566	18.200901
371101.6257	7650776.30594	1224.886692	2968.648728	22.846995
371110.758126	7650780.059682	1220.404889	2978.522521	27.023221
371120.556449	7650781.281073	1214.814873	2988.396675	29.787842
371129.314448	7650784.9999	1209.306564	2997.911517	23.862606
371139.314448	7650784.9999	1206.182605	3007.911517	13.363633
371148.988941	7650786.831243	1204.591962	3017.757818	11.173921
371158.629616	7650789.366293	1202.268678	3027.726223	18.055086
371168.349298	7650787.199225	1198.09639	3037.684556	20.513712
371178.015815	7650786.963189	1194.925052	3047.353954	18.03703
371187.556939	7650789.526597	1191.730805	3057.233434	10.763783
371185.316297	7650796.316197	1191.687802	3064.383199	5.990951
371193.790457	7650799.9999	1190.01082	3073.623386	12.737235
371203.517919	7650801.968885	1187.355842	3083.548123	15.446342
371212.25012	7650802.192502	1184.854973	3092.283187	15.735165
371221.239066	7650804.07876	1182.307105	3101.467909	16.927022
371229.793129	7650800.077486	1179.185825	3110.911541	17.18429
371239.737609	7650801.081587	1176.295858	3120.906585	20.122039
371249.459991	7650799.62628	1171.922218	3130.737283	22.603051
371257.749178	7650794.9999	1168.251303	3140.230123	22.755734
371267.540267	7650793.765865	1163.801302	3150.098673	25.719885
371276.670191	7650789.9999	1158.740709	3159.974806	23.034607
371286.670191	7650789.9999	1155.35049	3169.974806	15.256224
371296.641629	7650789.398492	1153.288766	3179.964364	12.990437
371304.291211	7650794.9999	1150.858887	3189.445497	13.497672
371314.262529	7650795.543857	1148.616065	3199.431641	13.774759
371322.756798	7650800.185114	1146.03786	3209.1112	17.694421
371331.553021	7650804.084633	1142.458468	3218.73304	18.168816
371341.096922	7650806.636108	1139.638247	3228.612112	16.050741
371351.066322	7650806.756843	1136.747949	3238.582243	20.657587
371360.911838	7650808.496183	1132.110058	3248.580218	22.955486
371370.46004	7650811.205868	1128.309582	3258.505466	24.03998
371379.486989	7650814.9999	1123.315239	3268.297324	24.112357
371389.473816	7650815.112403	1119.45704	3278.284784	23.824359
371399.179368	7650817.516152	1114.490394	3288.283571	25.295705
371408.843318	7650817.32739	1110.163752	3297.949365	22.58919
371418.291824	7650814.182771	1106.326385	3307.907422	21.818344
371426.736901	7650809.183005	1102.248358	3317.721544	17.97172
371432.712341	7650801.287559	1099.93128	3327.623258	14.797438
371441.796168	7650797.818808	1097.064229	3337.346845	22.039203
371451.496377	7650797.812973	1092.068349	3347.047056	28.552804
371460.76121	7650795.316333	1086.564936	3356.642385	25.545371
371470.687406	7650796.096978	1082.723743	3366.59923	22.005088
371480.345926	7650794.9999	1078.612948	3376.319858	19.456838
371490.345926	7650794.9999	1075.757239	3386.319858	14.178239
371500.009298	7650796.990242	1073.594204	3396.186074	15.464958
371509.839877	7650798.347591	1070.282172	3406.109917	20.331788
371519.622871	7650799.723759	1066.256537	3415.98923	22.864213
371529.196779	7650798.371019	1062.039296	3425.658233	26.783994
371538.442468	7650802.113852	1056.341094	3435.632778	29.14457
371547.318506	7650805.837663	1051.110441	3445.258308	29.712063
371556.897033	7650808.671063	1045.148195	3455.247119	31.930404
371566.774107	7650809.949768	1038.679473	3465.206621	31.82569
371576.417604	7650812.511579	1032.774511	3475.184592	31.917193
371586.298432	7650812.193684	1026.307459	3485.070532	30.585216
371596.185502	7650813.100296	1021.063575	3494.999082	29.433801
371606.145446	7650813.889254	1015.068199	3504.990225	29.620143
371615.9988	7650814.9999	1009.746028	3514.905976	26.043595
371625.962318	7650815.380047	1005.350488	3524.876743	23.076869
371635.723697	7650817.48942	1001.243252	3534.863433	27.332197
371645.581771	7650819.120682	995.024785	3544.855562	30.016648
371654.109641	7650823.811887	989.847686	3554.588597	26.636744
371663.323279	7650827.460933	985.172898	3564.498525	24.971439
371672.144294	7650831.866207	980.64119	3574.35838	28.676792
371680.526187	7650837.139049	974.36412	3584.260854	31.439911
371689.263964	7650841.764628	968.543403	3594.147447	28.64443
371698.627756	7650845.266512	963.503499	3604.144637	20.158599
371708.537796	7650845.261838	961.23553	3614.054678	10.578906
371718.306874	7650845.10747	959.828034	3623.824975	14.106825
371727.83944	7650842.24771	956.279213	3633.777263	18.105183
371737.551955	7650841.688226	953.393555	3643.505879	19.793408
371747.178021	7650839.55742	949.229979	3653.364961	20.861701
371756.991081	7650839.9999	945.893	3663.187992	18.843505
371766.920116	7650841.022477	942.471379	3673.169545	18.288114
371775.986694	7650845.056408	939.314828	3683.093024	22.191622
371784.256886	7650850.604848	934.361154	3693.052003	25.990318
371793.090447	7650855.158505	929.614823	3702.990191	26.408129
371802.856984	7650857.220344	924.469598	3712.971996	29.283271
371812.471699	7650859.956548	918.411598	3722.968473	27.831193
371822.011732	7650861.716231	914.070967	3732.669438	23.277809
371831.283773	7650865.288445	909.963719	3742.605808	24.62194
371838.339196	7650872.062418	905.034871	3752.386693	23.940417
371847.617482	7650874.9999	901.300533	3762.118876	24.870724
371857.617482	7650874.9999	895.888056	3772.118876	29.981848
371867.581954	7650875.505647	889.775482	3782.096175	31.241009
371877.315828	7650874.9999	883.923724	3791.843178	31.152128
371887.270553	7650874.453826	877.857564	3801.81287	29.392244
371897.122281	7650872.980582	872.697153	3811.774145	26.477066
371906.935876	7650874.61466	867.941098	3821.722856	24.035714
371916.865075	7650874.9999	863.829049	3831.659526	24.97666
371926.291051	7650872.069316	858.714745	3841.530561	24.222198
371936.249738	7650871.493409	854.900795	3851.505887	23.616198
371946.031418	7650873.460804	849.991109	3861.483457	25.362028
371955.747365	7650874.9999	845.508504	3871.320552	21.919811
371965.743585	7650874.88503	842.010195	3881.317432	18.392186
371975.663571	7650873.742643	838.864472	3891.30298	20.55726
371985.331444	7650871.202413	834.516862	3901.299006	24.390278
371995.146872	7650869.9999	829.848676	3911.187822	21.559024
372005.1254	7650869.779013	826.666545	3921.168794	17.061983
372014.821254	7650867.749603	823.745289	3931.074757	15.515582
372022.915333	7650867.97393	821.668711	3939.171943	15.675875
372031.493412	7650867.435196	819.061061	3947.766922	16.606701
372040.502071	7650870.443699	816.272902	3957.264661	17.014712
372050.340411	7650869.9999	813.141123	3967.113005	18.528653
372060.304277	7650869.690769	809.631414	3977.081666	21.204697
372070.172968	7650868.732461	805.427091	3986.996776	23.331135
372079.899803	7650869.9999	801.124414	3996.80584	21.556511
372089.899803	7650869.9999	797.601769	4006.80584	15.164829
372098.171791	7650865.828109	795.903243	4016.070267	15.362036
372106.707325	7650862.292575	792.518478	4025.309063	19.274031
372115.757668	7650859.9999	789.408021	4034.645286	21.436209
372125.714811	7650859.614129	784.940734	4044.609899	23.431292
372135.555745	7650858.38458	780.791674	4054.527348	23.869365
372145.546719	7650858.393125	776.131558	4064.518325	25.337994
372155.492054	7650857.379891	771.327586	4074.515141	22.977167
372165.090881	7650855.038058	767.703819	4084.395509	24.031798
372175.070264	7650855.57636	762.466071	4094.389399	25.042761
372185.027608	7650856.145265	758.374998	4104.362982	22.540999
372194.898756	7650855.37907	754.21742	4114.263821	26.654037
372203.581323	7650859.653838	748.547955	4123.941662	26.808115
372213.481298	7650859.9999	744.321756	4133.847684	19.488773
372223.481298	7650859.9999	741.503477	4143.847684	17.619096
372233.46841	7650860.490634	737.970511	4153.846845	20.714704
372243.435297	7650859.9999	733.948758	4163.825806	22.051629
372253.435297	7650859.9999	729.877802	4173.825806	25.314424
372263.435297	7650859.9999	724.488959	4183.825806	26.556944
372273.352209	7650858.912744	719.893514	4193.80213	23.789473
372283.128118	7650859.9999	715.755244	4203.638304	19.014917
372292.871966	7650858.568384	713.11004	4213.486746	14.909005
372302.524571	7650856.089258	710.479887	4223.45263	15.170183
372312.441502	7650854.9999	707.703101	4233.429214	15.146917
372322.441502	7650854.9999	705.072406	4243.429214	18.269358
372330.914315	7650850.235823	701.193126	4253.149553	24.628701
372340.022725	7650846.323105	696.071849	4263.062801	23.023781
372349.470891	7650843.853746	692.830614	4272.828331	19.727431
372359.401965	7650843.142706	688.999913	4282.784827	22.46122
372369.312966	7650843.937496	684.604093	4292.727645	25.510839
372378.879915	7650843.398297	679.68277	4302.309777	25.208517
372388.829251	7650842.451643	675.388893	4312.304047	27.388422
372398.337529	7650839.886482	669.402843	4322.152265	28.18365
372408.191342	7650839.9999	664.832012	4332.006731	23.795826
372418.191342	7650839.9999	660.647998	4342.006731	20.090818
372428.174826	7650839.465569	657.517735	4352.004504	21.116411
372438.06259	7650839.62868	652.967992	4361.893613	25.362874
372447.758264	7650838.845286	648.219078	4371.620885	26.037125
372457.597965	7650840.188287	643.3646	4381.551815	23.268276
372467.510307	7650841.039349	639.670837	4391.500625	20.592174
372477.47047	7650840.29078	635.8741	4401.488878	21.542201
372487.44656	7650840.042884	631.788722	4411.468048	24.155934
372496.739362	7650843.370498	626.97189	4421.33867	25.758966
372506.462712	7650845.434288	622.229735	4431.278628	27.651434
372515.640684	7650849.271212	616.55248	4441.226349	26.23648
372525.454273	7650849.9999	612.477348	4451.066955	20.111664
372535.316962	7650850.616764	609.330724	4460.948916	20.748268
372544.756274	7650851.955438	605.122297	4470.482679	25.050608
372554.724879	7650852.372247	600.211875	4480.459995	27.05897
372564.220534	7650849.9999	595.026322	4490.247512	26.470401
372574.220534	7650849.9999	590.35928	4500.247512	25.699687
372584.220534	7650849.9999	585.401432	4510.247512	26.845236
372594.077913	7650851.209669	580.271824	4520.178849	27.782183
372603.200324	7650854.9999	574.965137	4530.057323	27.782744
372612.161456	7650858.079628	570.075391	4539.532903	20.444141
372621.841132	7650855.581219	567.706535	4549.529811	14.201673
372631.251179	7650852.233616	565.018026	4559.517575	18.095129
372640.662623	7650849.799503	561.266736	4569.238696	21.722562
372650.630648	7650849.9999	557.173234	4579.208734	22.788178
372660.630648	7650849.9999	552.877229	4589.208734	21.444888
372670.630648	7650849.9999	549.317493	4599.208734	18.032265
372680.47263	7650849.299634	546.409927	4609.075598	16.288941
372689.671039	7650845.396006	543.514566	4619.068046	16.122721
372699.546461	7650844.211387	540.646539	4629.014266	16.29924
372709.393938	7650842.896904	537.70141	4638.949087	20.240759
372719.34782	7650842.221924	533.304659	4648.925829	23.10108
372729.307639	7650842.751804	529.191574	4658.899733	21.605141
372739.188566	7650844.043832	525.408459	4668.864774	21.942146
372749.069895	7650844.9999	521.178093	4678.792248	23.678337
372759.069378	7650844.99141	516.670409	4688.791734	26.035601
372769.001084	7650843.82574	511.408695	4698.791613	29.128214
372778.694689	7650841.495912	505.543017	4708.761271	29.115377
372787.230878	7650836.769022	500.422118	4718.518832	27.367493
372795.941194	7650832.172017	495.394419	4728.367794	25.562559
372803.704071	7650825.988261	490.964334	4738.292567	22.85858
372810.799916	7650819.9999	487.296514	4747.577581	17.128514
372820.663769	7650820.686612	485.055768	4757.465308	12.840528
372830.277349	7650823.259141	482.774456	4767.417134	13.761256
372839.49328	7650825.477123	480.297157	4776.896207	15.445323
372846.534287	7650832.534187	477.401217	4786.865055	24.457337
372855.306026	7650836.563381	471.372964	4796.51792	30.389062
372864.698974	7650839.684959	465.936181	4806.415987	27.057059
372873.348909	7650835.416739	461.390745	4816.061664	21.336535
372882.556945	7650831.55815	458.268786	4826.045482	19.50431
372891.174414	7650826.587451	454.33095	4835.99378	18.363744
372895.557179	7650818.442721	451.896363	4845.242848	14.857239
372900.544377	7650810.106716	449.300584	4854.956813	18.876377
372904.886767	7650801.421606	445.255151	4864.666988	15.510717
372910.941014	7650794.9999	444.156568	4873.492644	14.31728
372920.941014	7650794.9999	440.450652	4883.492644	17.669586
372930.932084	7650794.64807	437.786522	4893.489907	15.234545
372940.763336	7650793.127749	435.018867	4903.438017	16.981086
372950.644979	7650792.389251	431.72289	4913.347217	20.352971
372959.951571	7650789.410251	427.718204	4923.118968	22.292985
372968.786128	7650784.972904	423.6636	4933.005293	23.291979
372978.375189	7650784.284628	419.323666	4942.619024	18.988843
372988.294763	7650784.9999	416.93335	4952.564353	13.884417
372996.105222	7650779.283756	414.473019	4962.24307	14.219498
373004.257972	7650774.968813	412.143475	4971.467281	19.206486
373013.617872	7650771.960866	407.834962	4981.298633	23.946816
373020.490855	7650764.985078	403.428335	4991.091462	22.432385
373029.756009	7650764.327858	399.95787	5000.379897	20.446986
373039.288031	7650761.531016	396.261905	5010.313767	22.163029
373048.569659	7650758.131973	391.885346	5020.198204	22.828128
373058.230159	7650755.769741	387.915144	5030.143324	20.140364
373064.791066	7650750.059048	385.048207	5038.841457	14.011257
373069.0	7650741.640006	383.396012	5048.25397	6.362114
373069.0	7650731.640006	382.883806	5058.25397	2.129431
373069.0	7650721.640006	382.65238	5068.25397	0.856169
373072.651421	7650714.9999	382.621129	5075.831824	1.803391
373080.580353	7650709.9999	382.118664	5085.205616	6.101454
373090.49046	7650710.5253	380.558353	5095.12964	7.192301
373098.832732	7650710.167168	379.812687	5103.479596	3.615981
373107.368266	7650706.631634	379.44687	5112.718391	1.580608
373116.692379	7650704.9999	379.29657	5122.184206	0.225171
373124.621311	7650699.9999	379.372833	5131.557997	1.165007
373134.621311	7650699.9999	378.902596	5141.557997	2.618042
373144.621311	7650699.9999	378.458355	5151.557997	2.543786
373152.974867	7650696.025033	378.047363	5160.809023	4.319648
373162.499922	7650694.9999	377.035986	5170.389084	3.836316
373170.010353	7650688.989547	376.759958	5180.008382	1.962977
373178.357787	7650684.9999	376.389218	5189.260243	3.454581
373184.629578	7650677.801556	375.625141	5198.807574	3.860862
373191.656325	7650677.656225	375.270616	5205.835823	2.099128
373200.685542	7650679.9999	375.025636	5215.164252	0.145263
373208.727392	7650675.272508	375.223317	5224.492681	1.730608
373218.614475	7650674.9999	374.444962	5234.383521	4.522227
373226.529066	7650669.730192	373.689033	5243.891969	6.206921
373231.31658	7650662.298649	372.449484	5252.732111	5.411582
373238.140368	7650664.140268	372.182077	5259.800041	5.358214
373245.211436	7650661.211336	371.068756	5267.45371	6.1991
373253.642161	7650664.9999	370.346851	5276.696564	3.124188
373261.571093	7650669.9999	370.052662	5286.070355	3.612874
373271.571093	7650669.9999	369.123621	5296.070355	4.428277
373280.294279	7650673.957496	368.536467	5305.649319	4.212813
373289.581233	7650672.82983	367.728969	5315.004485	4.266287
373299.015435	7650674.312727	367.126206	5324.554519	3.451153
373308.769541	7650674.952508	366.563566	5334.329585	3.115008
373312.471753	7650673.471653	366.377264	5338.316978	3.683569
373321.838732	7650674.9999	365.695876	5347.807807	3.920341
373329.458528	7650669.384221	365.078223	5357.273384	4.635791
373334.205505	7650660.687098	364.124959	5367.18165	2.756479
373334.0	7650650.81347	364.125714	5377.057417	3.112089
373339.774513	7650643.031427	363.06118	5386.747887	3.425819
373343.428482	7650635.571418	363.048371	5395.054704	0.29367
373353.191752	7650634.9999	362.968478	5404.834687	2.008879
373361.964016	7650632.035884	362.380564	5414.09417	4.98027
373367.858781	7650624.870294	361.353079	5423.372851	3.670813
373371.881402	7650617.118498	361.225024	5432.106226	1.981796
373378.95247	7650619.95237	360.787302	5439.724023	5.360835
373387.488004	7650623.487904	359.643279	5448.962818	6.025317
373396.861715	7650624.9999	358.810003	5458.45769	4.39669
373406.861715	7650624.9999	358.144407	5468.45769	3.656827
373414.0	7650630.790547	357.583491	5477.649355	4.269781
373419.790647	7650634.9999	356.923708	5484.808283	4.311329
373429.21905	7650637.217639	356.313624	5494.494001	4.508039
373436.787266	7650643.237548	355.397659	5504.164431	6.77746
373446.495783	7650644.9999	353.991769	5514.031607	8.548353
373455.530175	7650648.590042	352.453283	5523.7532	7.754126
373464.195248	7650645.889053	351.432189	5532.829478	5.344007
373470.531022	7650648.468878	350.964406	5539.67035	3.835914
373477.60209	7650648.60199	350.499343	5546.742671	3.555566
373484.673158	7650645.673058	350.049418	5554.39634	2.546453
373491.934033	7650652.539863	349.714532	5564.390003	2.772107
373501.091901	7650654.9999	349.106405	5573.87253	3.916105
373509.02008	7650649.994349	348.423591	5583.248647	3.353415
373517.946025	7650646.053875	347.985329	5593.005687	3.79698
373527.389169	7650644.088966	347.135947	5602.651092	4.939755
373536.842179	7650641.009109	346.292448	5612.59317	5.020465
373546.124426	7650642.173002	345.440782	5621.948103	5.18458
373555.407436	7650644.9999	344.563182	5631.652	5.993217
373564.940537	7650647.397468	343.390089	5641.481971	6.295166
373569.162802	7650655.060866	342.513627	5650.231554	6.157328
373575.707162	7650659.9999	341.561714	5658.4305	2.747952
373584.111018	7650655.688089	341.666763	5667.875948	1.948974
373594.082748	7650655.082648	340.900359	5677.866042	4.246099
373602.045956	7650659.9999	340.23024	5687.225104	3.981558
373612.045956	7650659.9999	339.552943	5697.225104	3.068909
373619.950246	7650664.782096	339.198828	5706.463459	4.722154
373629.64556	7650662.545336	337.967951	5716.413444	6.090166
373638.031158	7650657.146216	337.073154	5726.386846	4.165627
373646.210818	7650660.383327	336.600907	5735.183762	3.959802
373654.55047	7650664.9999	335.804418	5744.715947	4.063301
373664.543298	7650664.911331	335.213919	5754.709167	3.778326
373674.415908	7650664.358169	334.491495	5764.597261	6.660419
373684.158904	7650662.407658	332.899038	5774.533582	8.440948
373693.936451	7650661.525614	331.560202	5784.350834	7.290133
373703.681669	7650662.243752	330.393146	5794.122476	9.966472
373713.359086	7650664.582424	328.093694	5804.078469	15.29527
373723.054611	7650663.526183	325.003322	5813.831358	13.754565
373732.497586	7650660.401369	323.271752	5823.777927	8.409822
373742.439529	7650659.9999	322.061848	5833.727972	5.339508
373751.800773	7650656.820218	321.417827	5843.614492	5.147257
373757.647488	7650649.529166	320.329473	5852.960268	6.910966
373766.375986	7650645.352258	319.112262	5862.636695	7.845705
373774.428251	7650639.92258	317.657928	5872.348562	8.174963
373784.051491	7650637.555053	316.293516	5882.258755	8.666008
373791.328828	7650630.879522	314.642419	5892.134096	7.263595
373799.246574	7650624.987937	313.777005	5902.003314	6.151806
373809.02934	7650624.988642	312.524316	5911.786081	6.428751
373817.931295	7650620.580676	311.555516	5921.719607	5.293287
373827.663816	7650621.075552	310.701165	5931.464702	4.853841
373836.437435	7650625.063292	309.909632	5941.10205	5.371662
373845.901514	7650626.901414	308.888505	5950.742977	5.828846
373854.072918	7650629.988641	308.033767	5959.478126	6.384206
373862.716505	7650632.955032	306.888709	5968.616565	8.48468
373872.284713	7650634.71833	305.219201	5978.345893	9.898341
373880.906679	7650639.40177	303.478909	5988.157769	10.961062
373889.841594	7650643.758093	301.393805	5998.098104	12.729321
373898.379768	7650648.683111	299.006925	6007.954889	11.976436
373903.844391	7650654.9999	297.53125	6016.307369	9.074682
373913.384905	7650657.387441	296.102136	6026.142092	9.704066
373923.199705	7650658.654203	294.15724	6036.038302	11.217655
373931.83735	7650662.83725	292.236206	6045.635531	10.185714
373938.303369	7650669.9999	290.699265	6055.285036	6.590013
373948.303369	7650669.9999	289.966219	6065.285036	3.488374
373958.303369	7650669.9999	289.480121	6075.285036	2.38858
373966.232301	7650664.9999	289.158109	6084.658827	2.768531
373976.232301	7650664.9999	288.543279	6094.658827	3.576834
373984.161233	7650659.9999	287.947113	6104.032619	2.2208
373992.731157	7650656.433838	287.819824	6113.314881	1.880667
373999.54349	7650661.140187	287.370464	6121.594832	3.59826
374005.285787	7650669.236491	286.674996	6131.520763	4.749072
374011.641487	7650676.323524	285.755037	6141.040268	5.834374
374018.113287	7650683.414891	284.721314	6150.640876	5.363377
374026.101724	7650686.987377	284.032197	6159.39175	4.772003
374034.958868	7650689.9999	283.209838	6168.747191	3.702028
374044.958868	7650689.9999	282.779886	6178.747191	3.263987
374050.117305	7650694.9999	282.229882	6185.931165	4.695112
374057.311973	7650700.07751	281.466684	6194.73715	6.043231
374066.526668	7650702.859927	280.278639	6204.362763	6.316622
374074.208403	7650709.245947	279.295459	6214.352273	7.707525
374082.944785	7650714.09837	277.574236	6224.345791	7.829314
374092.290043	7650714.9999	276.63041	6233.734433	6.13284
374102.132626	7650716.607548	275.493909	6243.707445	6.364219
374111.746608	7650719.196009	274.407642	6253.663788	9.955193
374121.627687	7650720.559321	271.995705	6263.638473	14.304869
374129.778066	7650724.9999	269.497694	6272.920037	9.612902
374139.580583	7650726.481358	268.744698	6282.833869	6.330557
374149.315299	7650726.013757	267.316686	6292.579809	9.651379
374159.080612	7650727.876141	265.396786	6302.521127	9.486136
374169.029027	7650728.124687	263.992815	6312.472646	6.819195
374177.980881	7650731.521645	263.06186	6322.047353	6.486281
374186.373777	7650736.570986	261.790711	6331.842074	6.366924
374193.972991	7650735.026909	261.103715	6339.596571	4.083299
374199.0	7650739.595082	260.752257	6346.389142	3.216801
374206.524114	7650744.9999	260.201309	6355.653286	2.7095
374216.524114	7650744.9999	259.840608	6365.653286	2.652995
374226.520939	7650745.215234	259.274644	6375.652429	4.949576
374235.811686	7650742.628409	258.139512	6385.29658	6.287119
374243.779753	7650739.779653	257.279885	6393.758583	5.803735
374253.688524	7650739.9999	256.272073	6403.669802	5.261104
374263.688524	7650739.9999	255.446464	6413.669802	5.287103
374272.315287	7650743.315187	254.49148	6422.911672	7.093811
374281.517476	7650745.96376	253.104737	6432.487435	9.32812
374291.47073	7650746.806298	251.277888	6442.476285	11.280881
374300.612696	7650749.9999	249.180713	6452.160016	10.895882
374310.601869	7650750.377388	247.489692	6462.156318	9.868349
374320.476028	7650749.9999	245.722921	6472.037691	10.642689
374330.470068	7650749.727302	243.754195	6482.035448	9.603564
374339.950187	7650746.959841	242.360389	6491.911252	6.791468
374349.504464	7650744.9999	241.416608	6501.664486	5.634782
374359.0	7650747.099148	240.438668	6511.389302	4.640336
374366.099248	7650749.9999	240.004851	6519.05831	4.656538
374374.626215	7650753.29378	239.069507	6528.19936	7.578086
374380.756142	7650760.817086	237.497737	6537.903799	8.739477
374388.754732	7650766.235953	236.092558	6547.565144	8.21022
374398.385234	7650767.971981	234.691914	6557.350866	6.182251
374407.892464	7650768.939339	233.997464	6566.907184	4.495647
374415.903401	7650774.778538	233.161165	6576.820374	5.839384
374423.550666	7650781.040855	231.97283	6586.704567	4.769577
374424.119295	7650789.880605	231.597405	6595.562587	1.862685
374430.09961	7650795.043268	231.427836	6603.463047	3.596799
374439.985201	7650795.808308	230.477574	6613.378196	6.8585
374449.120913	7650799.81948	229.035249	6623.355709	8.744825
374457.79624	7650799.9999	227.60815	6632.032911	8.938019
374467.135524	7650796.688431	226.11218	6641.941899	5.891941
374475.537071	7650793.467982	225.657087	6650.939526	4.343624
374484.088955	7650790.061972	224.729605	6660.144722	6.385783
374492.961696	7650794.07326	223.537162	6669.882071	6.420719
374499.0	7650790.730881	222.857207	6676.783709	4.361225
374506.322394	7650784.9999	222.301696	6686.082182	4.075764
374514.251326	7650789.9999	221.52674	6695.455973	5.222302
374524.251326	7650789.9999	220.530991	6705.455973	5.23455
374534.251326	7650789.9999	219.694491	6715.455973	4.853905
374543.442129	7650792.800598	218.865927	6725.064031	5.77716
374553.213033	7650794.524765	217.718639	6734.985891	6.557269
374562.815403	7650794.986403	216.620443	6744.599352	6.852903
374569.0	7650802.622297	215.382451	6754.425649	6.477685
374571.141514	7650811.513467	214.466436	6763.571084	6.587378
374579.075084	7650816.082616	213.269137	6772.726337	6.37794
374585.231999	7650823.035264	212.405066	6782.013259	5.857443
374594.0	7650825.418845	211.384306	6791.099473	5.686754
374594.021495	7650835.418293	210.504573	6801.098945	5.716236
374596.231119	7650844.9999	209.399136	6810.932033	4.129798
374604.289513	7650847.212155	209.191255	6819.288575	4.918378
374607.743599	7650856.117123	207.858143	6828.839971	8.653771
374614.830484	7650863.12212	206.221085	6838.804605	8.599683
374623.866717	7650866.258099	204.904774	6848.369534	7.785846
374631.029034	7650872.028934	203.655695	6857.567432	6.702705
374638.381561	7650878.797477	202.649435	6867.561071	4.74403
374646.819184	7650882.819084	202.050687	6876.908093	4.647465
374655.354718	7650886.354618	201.138602	6886.146888	6.195406
374660.051758	7650894.695437	200.008721	6895.719319	6.308514
374668.625962	7650899.651928	198.985549	6905.623045	5.603981
374678.562882	7650900.181271	198.060612	6915.574054	5.747716
374688.484042	7650900.52505	196.984787	6925.501169	6.847699
374698.405551	7650899.985581	195.675357	6935.437333	9.560333
374706.419245	7650905.5608	193.667168	6945.199626	11.362348
374715.098902	7650910.384616	191.718272	6955.129663	10.848648
374724.423895	7650913.946116	189.85134	6965.111636	12.014448
374734.362648	7650914.011224	187.478824	6975.050602	11.890913
374744.289993	7650914.451135	185.666218	6984.987689	8.406567
374751.436711	7650921.253412	184.552262	6994.854124	6.697042
374758.846792	7650927.564374	183.36487	7004.587446	6.177277
374767.77999	7650931.568994	182.439275	7014.377185	7.244591
374776.646759	7650935.413674	180.891927	7024.041612	11.432286
374784.0	7650939.519486	178.781942	7032.46348	9.655041
374791.438449	7650945.22173	177.864719	7041.836106	6.525735
374799.680872	7650950.051089	176.61709	7051.389129	10.725891
374809.393849	7650951.682698	174.189686	7061.238193	15.678322
374816.273562	7650958.745272	171.085469	7071.097727	15.085554
374820.920403	7650965.784241	169.258687	7079.532192	10.382979
374827.056338	7650972.112789	167.925034	7088.346965	6.814796
374833.308874	7650979.308774	167.066117	7097.879878	4.523234
374837.906084	7650985.96106	166.531229	7105.966115	6.455891
374846.281334	7650991.072639	165.040901	7115.777999	7.364928
374854.368599	7650996.513369	164.003213	7125.52507	5.808239
374862.101753	7651002.761761	163.038153	7135.467106	7.174439
374870.622934	7651007.550438	161.521438	7145.241662	8.786494
374879.614104	7651008.056886	160.135479	7154.247085	6.498204
374888.682743	7651009.9999	159.439351	7163.521539	6.090659
374896.194912	7651013.584553	158.257746	7171.845145	8.690126
374904.430338	7651010.430238	156.81929	7180.663985	7.378033
374910.744405	7651018.077417	155.831762	7190.580981	4.472594
374914.233564	7651025.056056	155.433321	7198.383264	2.691241
374922.340314	7651028.340214	155.053889	7207.129983	4.086115
374931.117515	7651032.464558	154.115726	7216.827894	5.553164
374940.553304	7651034.9999	153.16112	7226.598364	4.45209
374948.633886	7651039.633786	152.62977	7235.913336	4.47103
374957.130096	7651043.129996	151.714404	7245.100777	8.222887
374966.230926	7651046.347321	149.90725	7254.753563	11.201413
374975.606548	7651049.652065	147.834344	7264.69457	8.815525
374983.059934	7651054.9999	146.94296	7273.868027	6.294728
374993.059934	7651054.9999	145.719423	7283.868027	7.392207
375002.293421	7651052.62578	144.408737	7293.401846	7.51159
375011.846068	7651051.80684	143.198169	7302.989533	10.213174
375021.313682	7651053.811644	140.937906	7312.667082	13.728755
375030.649436	7651050.472382	138.411752	7322.582069	12.126847
375037.955191	7651043.908358	136.69724	7332.403498	12.715502
375046.877403	7651039.9999	133.9978	7342.144233	15.052048
375056.877403	7651039.9999	131.388665	7352.144233	13.828539
375066.457965	7651042.520588	129.097902	7362.050848	10.026388
375075.150886	7651045.479193	128.013756	7371.233453	7.938573
375084.859714	7651047.597305	126.43177	7381.170642	8.74499
375093.51115	7651052.240295	124.97491	7390.989232	8.850329
375100.019866	7651059.535474	123.38073	7400.765888	7.697066
375105.95567	7651067.378137	122.324316	7410.601596	5.685231
375109.489746	7651075.034302	121.562133	7419.034066	4.521063
375116.675581	7651081.66862	120.884261	7428.814168	4.53087
375125.153237	7651086.153137	120.027161	7438.40487	3.651953
375132.224305	7651086.775595	119.819109	7445.503282	1.049477
375140.759839	7651083.240061	119.727891	7454.742077	1.441785
375147.282	7651075.744833	119.336518	7464.677722	1.124069
375156.830911	7651074.9999	119.345022	7474.255645	3.152348
375166.579868	7651073.834423	118.26831	7484.074021	8.072648
375174.273976	7651068.095421	116.591099	7493.672742	9.181667
375181.036754	7651062.036621	115.24926	7502.752621	4.04582
375190.121336	7651059.9999	115.290406	7512.062716	1.584123
375199.535706	7651057.405217	114.721739	7521.828101	2.820519
375207.478937	7651058.478837	114.41442	7529.843559	2.144996
375216.014471	7651062.014371	114.075505	7539.082355	2.627595
375223.091779	7651069.079188	113.531533	7549.082352	5.718312
375225.52982	7651078.371548	112.112208	7558.689224	7.183327
375229.981159	7651085.373449	111.275102	7566.986274	4.424163
375236.781476	7651092.330436	110.717611	7576.714788	4.605564
375245.944857	7651094.9999	109.722611	7586.259084	4.181311
375255.375222	7651096.375122	109.323171	7595.789195	3.876682
375263.87379	7651099.9999	108.450752	7605.028495	5.616326
375269.0	7651107.802622	107.496559	7614.364474	4.505644
375276.802722	7651109.9999	107.076335	7622.470675	4.212581
375285.704975	7651113.755459	106.18786	7632.13268	5.790676
375294.770944	7651112.252307	105.164601	7641.322417	5.53899
375303.029976	7651114.9999	104.452643	7650.026489	3.723654
375313.029976	7651114.9999	103.947344	7660.026489	4.833517
375321.798181	7651117.900053	102.826119	7669.261872	7.182384
375328.90892	7651124.90882	101.525414	7679.246131	6.365247
375337.444454	7651128.444354	100.681777	7688.484926	6.494896
375344.16019	7651135.518916	99.363178	7698.23944	6.479056
375353.103989	7651134.9999	98.556651	7707.198287	6.962473
375363.083719	7651135.407293	97.049457	7717.186328	12.068815
375373.06872	7651135.832763	94.284364	7727.18039	11.447612
375382.17104	7651138.17094	93.122712	7736.578225	3.852554
375386.41346	7651144.9999	93.110149	7744.617679	0.08497
375394.297732	7651140.168979	93.097077	7753.864275	1.279895
375401.161168	7651146.114898	92.700689	7762.945063	2.728009
375407.141364	7651153.141264	92.224773	7772.171794	4.14772
375414.0	7651158.198974	91.413637	7780.693608	4.852156
375420.128006	7651154.9999	90.914582	7787.606387	3.142448
375430.128006	7651154.9999	90.485133	7797.606387	1.456177
375439.0	7651153.421707	90.431319	7806.617657	0.812889
375445.564498	7651149.738581	90.250484	7814.144811	1.46583
375455.192933	7651149.002869	89.991617	7823.801313	3.529767
375464.864943	7651146.975137	89.045288	7833.683594	6.360272
375472.411909	7651148.411809	88.033802	7841.366088	5.935942
375479.425611	7651154.574289	87.275819	7850.702478	4.546674
375487.530837	7651149.9999	86.551299	7860.00945	4.958151
375497.530837	7651149.9999	85.600936	7870.00945	6.851956
375507.530837	7651149.9999	84.148119	7880.00945	7.670517
375517.149412	7651147.982817	82.930581	7889.837248	7.484833
375526.888014	7651149.310323	81.565667	7899.665911	7.00742
375535.443112	7651146.443012	80.613501	7908.688726	3.681646
375543.969801	7651149.9999	80.390649	7917.92755	3.096396
375553.969801	7651149.9999	79.572808	7927.92755	5.438367
375563.969801	7651149.9999	78.486635	7937.92755	6.714496
375573.969801	7651149.9999	77.218288	7947.92755	5.821755
375580.174192	7651145.170801	76.665458	7955.78978	3.71482
375590.039866	7651144.9999	76.067209	7965.656934	4.0796
375599.936221	7651145.45246	75.255169	7975.563632	5.462243
375606.052936	7651152.052836	74.25944	7984.562474	5.645747
375614.832222	7651154.9999	73.450135	7993.8232	5.252294
375624.58847	7651155.58837	72.509679	8003.59718	5.17701
375631.957454	7651162.321988	71.660231	8013.579341	6.600908
375639.472898	7651168.122244	70.256033	8023.072753	7.151079
375644.094516	7651176.300132	69.290716	8032.466218	6.283275
375651.822843	7651181.862167	68.173427	8041.987945	6.078595
375660.243007	7651182.939669	67.372806	8050.476771	3.469295
375664.0	7651175.912388	67.175732	8058.445314	1.436554
375671.016445	7651169.9999	66.942885	8067.620716	2.173298
375678.961376	7651165.038524	66.472087	8076.987529	3.698614
375687.496909	7651161.502991	65.740202	8086.226324	3.918621
375696.874309	7651159.9999	65.188722	8095.723424	3.792674
375701.994934	7651166.785053	64.547147	8104.223959	2.503523
375710.540528	7651163.459372	64.416148	8113.393874	1.483075
375719.062362	7651159.325798	64.06453	8122.865309	2.243982
375727.324214	7651154.9999	63.679599	8132.191166	2.211161
375735.176375	7651149.568024	63.335814	8141.73903	1.523554
375744.440978	7651150.12474	63.178809	8151.020344	2.604075
375750.6773	7651154.9999	62.553698	8158.936081	3.007788
375760.111369	7651152.99161	62.256099	8168.581541	1.836189
375764.0	7651145.110903	61.96277	8177.36943	3.013748
375771.817929	7651139.9999	61.301704	8186.709792	3.934333
375779.0	7651134.253039	60.687808	8195.908083	1.74558
375783.992271	7651127.153211	60.756891	8204.587388	2.313014
375791.626412	7651127.550761	60.028483	8212.231873	7.274815
375799.447327	7651121.400301	58.510961	8222.18149	6.839514
375808.797769	7651119.9999	57.701151	8231.636217	4.459636
375815.669295	7651113.095798	57.013886	8241.377085	4.590544
375824.266089	7651110.597615	56.200274	8250.329502	6.551375
375834.173408	7651110.142333	54.846822	8260.247277	7.964591
375844.088035	7651109.401741	53.421728	8270.189525	6.535268
375853.53816	7651107.901307	52.611753	8279.758025	4.18178
375859.487645	7651104.9999	52.238184	8286.377279	3.473692
375869.462178	7651105.15543	51.604437	8296.353024	5.625664
375878.743581	7651106.216805	50.335393	8305.694917	6.815135
375884.0	7651100.523378	49.561968	8313.443791	4.066245
375891.405454	7651094.9999	49.127819	8322.682274	3.203099
375901.405454	7651094.9999	48.485358	8332.682274	6.519079
375910.901818	7651096.472754	46.887005	8342.292176	8.772325
375919.830578	7651099.9999	45.521069	8351.892359	6.191615
375928.122841	7651104.122741	44.840917	8361.152999	7.246158
375937.71223	7651104.091368	43.124392	8370.742439	8.742758
375946.276061	7651100.453019	41.935368	8380.047104	6.929234
375956.240446	7651100.578203	40.782579	8390.012275	7.324948
375964.404013	7651105.612857	39.421556	8399.603498	8.435686
375972.537692	7651109.9999	37.98972	8408.844866	6.55711
375982.4196	7651110.906321	37.21872	8418.768258	5.143767
375987.316582	7651118.316482	36.296949	8427.650314	5.508363
375995.852116	7651121.852016	35.471263	8436.889109	3.672975
376002.923184	7651121.076716	35.247273	8444.002553	1.802554
376012.477152	7651119.9999	34.944836	8453.617013	3.612009
376019.911674	7651126.070377	34.034516	8463.215077	4.199873
376022.2576	7651133.2575	33.684881	8470.775375	2.856854
376029.463022	7651129.959201	33.261806	8478.699823	3.666557
376038.0527	7651125.9472	32.569591	8488.180261	3.125319
376039.952504	7651116.602879	32.223543	8497.715753	2.430761
376048.455182	7651114.9999	31.797531	8506.368213	2.788977
376057.150289	7651111.849611	31.351532	8515.616414	2.376303
376061.384114	7651104.9999	31.079603	8523.668979	2.142054
376071.384114	7651104.9999	30.676326	8533.668979	1.557935
376081.384114	7651104.9999	30.535663	8543.668979	1.493005
376091.066524	7651103.811002	30.161448	8553.424108	3.309199
376099.903225	7651099.3314	29.398802	8563.331384	3.999484
376107.763342	7651093.763242	28.795308	8572.963924	3.353378
376117.251101	7651094.9999	28.27379	8582.531938	4.360909
376124.141339	7651088.828362	27.360294	8591.78198	4.494532
376128.518001	7651080.481899	26.805919	8601.206343	4.720646
376137.400391	7651075.993009	25.760266	8611.158577	5.714196
376144.0	7651079.339063	25.069707	8618.557964	4.469096
376153.339163	7651079.9999	24.450211	8627.920477	4.717569
376163.339163	7651079.9999	23.471888	8637.920477	6.268522
376172.721242	7651083.323181	22.25851	8647.873749	6.303513
376179.430213	7651079.9999	21.545444	8655.360703	6.438992
376189.397405	7651080.164679	20.28859	8665.329257	7.554572
376198.923121	7651081.834202	18.940905	8675.000171	10.078051
376208.802743	7651080.42606	16.796195	8684.979639	16.580427
376218.329329	7651083.111141	13.022825	8694.877392	20.237793
376226.103841	7651079.170103	9.933814	8703.593745	13.669862
376233.169079	7651072.177011	8.485219	8713.534616	7.280581
376235.363817	7651063.612817	7.534349	8722.375561	5.127146
376243.825115	7651059.9999	6.866507	8731.575926	2.548012
376253.825115	7651059.9999	6.679948	8741.575926	18.351442
376263.825115	7651059.999818	0.232422	8751.575926	5e-05
