x	y	z	L	slope
366915.0	7649735.0	2468.445068	0.0	22.922414
366922.876409	7649729.124432	2464.289798	9.826501	20.598199
366930.450191	7649722.782063	2461.039333	19.705155	18.01861
366938.829024	7649718.033877	2457.944022	29.335841	20.396444
366946.14098	7649711.66995	2453.854322	39.029358	18.786865
366952.68243	7649704.314514	2451.298313	48.872783	19.643661
366958.870322	7649696.552777	2446.797829	58.79924	22.287813
366965.809496	7649689.385202	2443.140815	68.775526	21.107186
366972.678107	7649682.256864	2439.125963	78.674568	21.135613
366975.0	7649673.189126	2435.695741	88.034859	14.7803
366976.810874	7649665.0	2434.44361	96.421816	13.212391
366986.280481	7649663.719519	2431.483343	105.977605	20.841047
366994.523602	7649658.620896	2427.116315	115.670128	27.046874
367002.86266	7649653.265517	2421.475188	125.580727	27.472429
367011.299941	7649647.916369	2416.769218	135.570777	24.28387
367019.488359	7649642.257545	2412.477381	145.524292	24.171905
367027.810081	7649636.979619	2407.879194	155.378609	24.864721
367036.268827	7649631.783812	2403.310274	165.305683	24.695223
367045.660494	7649628.462383	2398.733699	175.267374	26.470009
367054.358232	7649623.812766	2393.439569	185.129909	24.896772
367062.086087	7649617.913913	2389.644533	194.851853	22.379369
367069.324123	7649611.01684	2385.320191	204.849793	22.359537
367078.572698	7649607.616987	2381.478947	214.703479	24.931678
367088.160442	7649605.065172	2376.127861	224.625001	28.804294
367095.604992	7649598.50186	2370.566876	234.549636	28.570666
367101.854472	7649590.787411	2365.317316	244.477815	25.235244
367109.670793	7649584.829339	2361.255696	254.306014	24.235487
367116.135933	7649577.530017	2356.503878	264.056815	25.935523
367122.113311	7649569.633177	2351.697101	273.96081	27.76281
367129.219965	7649562.733259	2346.076451	283.866032	29.612192
367136.003191	7649555.445374	2340.409066	293.822207	27.865957
367143.422929	7649548.818675	2335.553157	303.770355	25.332837
367151.926559	7649543.863803	2331.040802	313.612229	25.740412
367161.406453	7649540.859022	2326.01365	323.55693	26.266918
367170.839097	7649538.493301	2321.333995	333.281714	25.692965
367178.79257	7649532.49243	2316.541692	343.245056	27.926611
367187.253152	7649527.189397	2310.760303	353.230226	24.738868
367195.880163	7649522.272	2307.365644	363.160287	22.777704
367203.895389	7649516.500089	2302.443445	373.037473	29.734893
367210.719799	7649509.270308	2296.04541	382.97942	32.107938
367218.535272	7649503.255319	2290.017	392.841555	25.545416
367225.199827	7649496.177416	2286.685616	402.563335	21.148377
367233.666419	7649491.333581	2282.48316	412.317612	25.421974
367242.479289	7649487.520711	2277.485637	421.919937	27.624156
367247.673635	7649479.188616	2272.320066	431.738544	23.295144
367251.131119	7649470.102764	2269.072593	441.46001	18.544762
367255.0	7649461.856704	2266.003467	450.568563	15.361258
367255.0	7649451.856704	2263.823282	460.568563	15.708025
367257.200804	7649442.177476	2260.399606	470.494841	21.433393
367260.0	7649432.820452	2256.092676	480.261591	17.966825
367261.541173	7649423.458827	2254.155996	489.749227	13.021772
367265.076707	7649414.923293	2251.761975	498.988022	17.918404
367270.0	7649406.962587	2248.142305	508.348131	20.151407
367271.794539	7649397.167295	2244.673001	518.306451	20.28519
367275.0	7649388.062505	2240.89401	527.959025	21.034515
367279.90555	7649380.09445	2237.362986	537.316071	13.938164
367280.0	7649370.133573	2236.099686	547.277396	13.63424
367283.441084	7649361.558916	2232.705846	556.516757	19.922507
367286.625724	7649352.726004	2229.348079	565.906233	21.81607
367293.326781	7649345.972782	2225.139217	575.419917	17.802558
367295.0	7649337.131398	2223.403801	584.418235	18.275342
367300.247473	7649329.471803	2219.10161	593.70292	15.18892
367306.70012	7649323.29988	2218.459153	602.632046	6.048155
367311.255893	7649314.893668	2217.142527	612.193398	16.417375
367317.590562	7649307.409438	2212.753065	621.998587	21.534134
367321.034645	7649298.789343	2209.610729	631.281246	19.256183
367326.538374	7649290.566038	2206.05377	641.176385	20.440874
367327.165615	7649280.896709	2202.311538	650.866036	22.336498
367325.0	7649271.169879	2197.978446	660.831031	22.545592
367330.663872	7649263.37103	2194.173472	670.469573	30.508648
367335.0	7649254.607259	2186.5378	680.24739	33.017485
367335.0	7649244.607259	2181.321503	690.24739	24.899915
367333.650943	7649234.778726	2177.291271	700.168076	16.735566
367330.0	7649226.293212	2175.560956	709.405679	12.660812
367331.697619	7649216.704797	2173.028804	719.143216	17.862678
367334.766542	7649207.320428	2169.241088	729.016649	22.445171
367339.423992	7649198.751731	2164.92167	738.769311	23.690912
367341.1062	7649189.038457	2160.636663	748.627176	24.838274
367345.0	7649180.434625	2155.987641	758.071095	25.566684
367347.665285	7649171.293397	2151.563648	767.592954	26.218508
367350.448948	7649162.032523	2146.536603	777.263143	29.040268
367352.328893	7649152.233301	2140.654847	787.241066	26.333438
367355.0	7649142.664891	2136.681267	797.175314	17.751927
367355.737013	7649132.78425	2134.302729	807.083404	14.456179
367361.144338	7649124.614689	2131.601421	816.880388	18.551991
367365.0	7649116.092437	2127.875816	826.23426	19.347991
367365.0	7649106.092437	2124.805803	836.23426	17.929675
367370.510296	7649098.235825	2121.535361	845.830598	17.697711
367375.187669	7649089.76985	2118.657485	855.502751	19.17424
367378.454362	7649081.276405	2115.007878	864.602745	22.975621
367376.858938	7649071.416108	2110.564735	874.59128	24.499915
367376.107506	7649061.446815	2105.900024	884.588853	25.181153
367375.508757	7649051.467875	2101.164405	894.58574	27.551262
367374.259414	7649041.562265	2095.476217	904.569825	29.047068
367372.915108	7649031.672053	2090.076432	914.55098	16.562547
367370.0	7649023.455382	2089.9151	923.26944	3.12426
367374.627744	7649015.372256	2089.092193	932.583565	8.400047
367379.062206	7649006.502986	2087.075501	942.499633	12.444078
367379.682083	7648996.55875	2084.705477	952.46317	14.461123
367383.013488	7648987.813207	2082.092603	961.821738	16.934509
367389.634687	7648980.365313	2078.821841	971.787249	16.445676
367394.006916	7648971.422077	2076.212663	981.742039	16.265707
367402.360152	7648967.234029	2073.191099	991.086359	12.13598
367410.821161	7648962.993094	2072.168198	1000.550724	8.185834
367416.911823	7648955.162312	2070.402665	1010.471273	11.23752
367421.466618	7648946.369829	2068.229812	1020.373491	12.392882
367426.237731	7648937.812845	2066.074161	1030.17071	12.685638
367428.702351	7648928.163051	2063.782768	1040.130271	13.005559
367430.0	7648919.189702	2061.679794	1049.196962	10.61506
367434.108501	7648910.891499	2060.348216	1058.456549	9.679865
367435.0	7648901.26077	2058.450719	1068.128453	7.888637
367435.0	7648891.26077	2057.622571	1078.128453	7.402538
367435.0	7648881.26077	2055.852349	1088.128453	12.413969
367435.0	7648871.26077	2053.220308	1098.128453	10.2299
367430.0	7648863.325192	2052.355106	1107.507866	6.437692
367428.874392	7648853.759843	2051.075309	1117.139215	4.199324
367425.044469	7648845.118319	2050.953965	1126.591424	4.833193
367432.772149	7648839.933936	2049.489271	1135.897061	11.203235
367440.0	7648835.195555	2047.399178	1144.539635	11.260017
367443.06721	7648828.06721	2046.22367	1152.299859	9.663284
367443.685978	7648820.701707	2044.819325	1159.691307	9.871216
367446.489505	7648811.780308	2043.310306	1169.042838	9.912676
367445.659181	7648801.859727	2041.445449	1178.998107	9.767137
367449.919376	7648793.910493	2040.044212	1188.016953	8.63457
367449.283745	7648784.073438	2038.579094	1197.874522	8.451215
367446.348884	7648774.890977	2037.147327	1207.514595	7.904172
367445.872328	7648764.953635	2035.859546	1217.463357	7.6044
367445.927367	7648755.927367	2034.614087	1226.489793	8.779616
367450.43577	7648748.44237	2033.116035	1235.227692	7.487586
367454.778528	7648740.0	2032.217923	1244.72154	4.69103
367462.627405	7648744.346485	2031.600821	1253.693541	6.301143
367470.403926	7648740.0	2030.243564	1262.602313	7.728958
367476.805289	7648735.0	2029.289385	1270.724963	5.352536
367484.295769	7648730.0	2028.638797	1279.730922	5.501344
367492.209746	7648724.742473	2027.506965	1289.232112	7.23273
367500.185288	7648719.432224	2026.21707	1298.813762	7.111073
367505.001588	7648710.781717	2025.076532	1308.714673	8.306891
367508.143865	7648701.404429	2023.327578	1318.604436	12.274703
367515.425697	7648694.850412	2020.793369	1328.401386	13.681104
367523.821344	7648689.464878	2018.51487	1338.375896	9.895506
367531.000248	7648682.633952	2017.324765	1348.285398	9.952442
367536.750686	7648675.188587	2015.125394	1357.692895	10.132608
367544.538416	7648669.549559	2013.925282	1367.30785	10.981816
367551.572742	7648662.57098	2011.336925	1377.216549	12.985858
367558.960993	7648656.55222	2009.442806	1386.746067	11.94053
367567.142878	7648652.207885	2007.362803	1396.009786	14.783323
367573.538976	7648644.533849	2004.361895	1405.999826	16.174517
367580.808616	7648638.176422	2001.664358	1415.657184	15.714144
367590.122338	7648635.0	1998.876276	1425.497664	10.595508
367600.116277	7648634.961971	1997.954156	1435.491676	3.692135
367609.298027	7648634.298027	1997.637368	1444.6974	2.898949
367618.463761	7648637.015068	1997.0039	1454.257368	6.291755
367625.102943	7648633.132672	1995.735411	1461.948385	9.589413
367629.937003	7648625.062997	1994.115358	1471.355179	10.411251
367635.724888	7648617.156828	1992.20682	1481.153502	11.895785
367643.42776	7648611.117468	1989.989469	1490.941663	11.529901
367647.911236	7648602.242126	1988.181765	1500.885166	13.113008
367656.473092	7648598.526908	1985.499168	1510.218346	17.508358
367662.002954	7648590.415768	1982.140912	1520.035166	18.791484
367665.936665	7648581.354237	1978.797801	1529.913699	13.461889
367673.476423	7648576.523577	1977.632883	1538.868208	6.185295
367679.255511	7648568.414351	1976.748241	1548.825989	8.521198
367685.498127	7648560.704325	1974.654636	1558.74641	10.654929
367685.433968	7648551.302926	1973.113153	1568.148028	9.721546
367690.153403	7648542.976752	1971.404393	1577.718725	9.026029
367695.646444	7648535.0	1970.054451	1587.403872	6.684582
367700.0	7648529.353556	1969.433723	1594.533793	7.846201
367702.18328	7648519.793263	1967.720616	1604.340216	10.870787
367703.348287	7648510.080956	1965.672071	1614.122145	12.079081
367700.0	7648501.005102	1963.557227	1623.795933	7.80826
367700.0	7648491.005102	1962.974288	1633.795933	5.894719
367705.571171	7648483.162913	1961.531621	1643.415593	10.467663
367710.420047	7648474.493996	1959.361965	1653.348454	10.321545
367710.772823	7648465.376489	1958.061043	1662.472784	6.885742
367704.666975	7648457.821713	1957.087136	1672.186486	6.842563
367702.410133	7648448.224692	1955.712484	1682.045297	8.657635
367703.781936	7648438.781936	1954.133181	1691.587178	8.543311
367696.907889	7648431.525529	1952.777606	1701.582575	6.162919
367695.0	7648422.564515	1952.064642	1710.744442	3.447022
367695.0	7648412.564515	1951.623434	1720.744442	3.653875
367700.364417	7648405.0	1950.833893	1730.017999	6.913416
367710.364417	7648405.0	1949.286567	1740.017999	9.289974
367715.388302	7648400.0	1948.038784	1747.105976	9.089215
367723.810105	7648396.189895	1946.673908	1756.34955	9.49938
367733.317234	7648395.0	1944.888884	1765.930852	7.266176
367741.246166	7648390.0	1944.257149	1775.304644	7.090705
367749.416706	7648385.583294	1942.567591	1784.59254	8.884394
367755.0	7648380.824902	1941.658649	1791.928443	6.827992
367757.95224	7648372.04776	1940.580444	1801.188785	8.825347
367767.081219	7648369.885394	1938.764368	1810.570367	13.644291
367776.049675	7648366.41784	1935.969169	1820.185831	15.993759
367785.473412	7648364.526588	1933.253522	1829.797471	11.334351
367790.364043	7648356.420025	1932.144988	1839.265029	6.273976
367795.147233	7648349.852767	1931.319483	1847.389547	8.001827
367803.137152	7648345.0	1929.688868	1856.737709	9.385916
367811.066084	7648340.0	1928.224905	1866.1115	8.731639
367820.0	7648338.270096	1926.851646	1875.211359	7.005963
367824.372894	7648330.0	1925.957047	1884.566395	3.874766
367834.372894	7648330.0	1925.540755	1894.566395	2.040335
367843.092103	7648326.907897	1925.271229	1903.817649	2.370807
367847.301826	7648320.0	1924.822832	1911.907199	4.351495
367856.753537	7648318.508857	1923.927584	1921.475812	4.363265
367860.251882	7648310.240075	1923.407722	1930.454184	4.561428
367867.97687	7648305.952707	1922.506466	1939.289169	7.015229
367872.222424	7648297.068573	1921.108958	1949.135618	10.318936
367872.058155	7648288.973971	1919.239694	1957.231887	5.06194
367873.581312	7648281.418688	1919.709151	1964.939176	3.334421
367882.323249	7648282.676751	1918.276104	1973.771174	5.934111
367890.870596	7648281.157889	1917.888848	1982.452423	1.95116
367897.975427	7648282.975427	1917.730536	1989.786048	4.509663
367907.136821	7648285.0	1916.570468	1999.168481	6.610646
367917.136821	7648285.0	1915.484329	2009.168481	3.591823
367926.510961	7648286.510961	1915.346768	2018.663611	1.807432
367935.052085	7648290.040133	1914.89309	2027.90514	4.715074
367943.619631	7648294.585905	1913.784618	2037.603948	4.686615
367953.573312	7648295.043906	1913.281168	2047.568161	1.897088
367963.557694	7648295.409429	1913.123668	2057.559232	1.091865
367965.263011	7648304.037215	1912.923142	2066.353934	1.157675
367974.360907	7648305.0	1912.761079	2075.502632	0.947477
367981.055857	7648309.231155	1912.640867	2083.422546	1.495151
367988.144661	7648314.45773	1912.324491	2092.229828	3.255329
367997.863579	7648315.0	1911.586316	2101.963862	4.252501
368007.863579	7648315.0	1910.857176	2111.963862	3.384246
368015.792511	7648320.0	1910.44068	2121.337654	4.028221
368025.56039	7648319.43961	1909.508095	2131.121594	8.977462
368031.750333	7648311.715963	1907.331398	2141.01958	8.440658
368039.108427	7648314.108427	1906.891236	2148.756856	5.590151
368045.0	7648308.331942	1905.766559	2157.00782	10.373197
368049.715029	7648300.284971	1903.673747	2166.334408	8.55877
368053.250563	7648291.749437	1902.972556	2175.573203	3.948815
368056.109316	7648282.730704	1902.382956	2185.034176	2.906207
368063.010348	7648276.989652	1902.036561	2194.011031	1.619522
368070.041356	7648280.041356	1901.912454	2201.675753	1.725201
368077.112424	7648282.887576	1901.576134	2209.298153	1.257645
368080.91635	7648275.0	1901.55288	2218.055077	1.307224
368090.647958	7648274.352042	1901.153759	2227.808232	0.908613
368097.719025	7648272.719025	1901.283111	2235.065417	0.890393
368105.42391	7648276.722829	1900.90603	2243.748486	6.60314
368110.057659	7648285.371536	1899.142216	2253.560305	11.399838
368116.769424	7648290.0	1897.283862	2261.713246	12.727029
368125.600608	7648293.800377	1895.129534	2271.327438	10.800388
368135.179803	7648295.071465	1893.606486	2280.990597	16.170586
368144.230557	7648299.282403	1889.433086	2290.972989	21.423079
368150.0	7648305.188917	1886.450413	2299.229706	16.630322
368155.0	7648310.243108	1884.843508	2306.339196	10.361038
368160.243108	7648315.0	1883.856311	2313.418617	7.10026
368170.243108	7648315.0	1882.716138	2323.418617	6.31323
368180.243108	7648315.0	1881.643682	2333.418617	5.587611
368190.0	7648314.756892	1880.783032	2343.178537	2.176523
368190.210302	7648304.878039	1880.897232	2353.059629	3.016219
368195.69264	7648297.740998	1879.788206	2362.059261	5.188449
368200.0	7648291.333881	1879.379034	2369.779656	4.724674
368203.666119	7648285.0	1878.545311	2377.098022	7.698758
368212.592337	7648282.407663	1877.133248	2386.393053	3.42702
368216.127871	7648273.872129	1877.43546	2395.631848	0.846591
368224.523983	7648270.0	1876.860109	2404.877824	4.683152
368234.523983	7648270.0	1875.858897	2414.877824	4.108362
368242.452915	7648265.0	1875.468578	2424.251616	3.596824
368250.362168	7648259.878996	1874.677424	2433.67398	7.001811
368259.252811	7648255.747189	1873.10735	2443.477824	7.979587
368263.942983	7648249.948823	1872.257802	2450.935623	5.0082
368267.833935	7648242.166065	1871.691332	2459.636821	7.91757
368271.369469	7648233.630531	1869.762889	2468.875616	21.344941
368275.616693	7648225.381691	1864.455412	2478.153669	21.530059
368275.0	7648215.57248	1862.225251	2487.982246	10.589928
368279.42752	7648210.0	1861.287263	2495.099511	8.544361
368285.0	7648205.57248	1860.086681	2502.216777	4.331497
368288.130729	7648196.869271	1860.047652	2511.465956	1.964712
368296.666263	7648193.333737	1859.452486	2520.704752	7.131141
368305.072871	7648189.724076	1857.747274	2529.853561	8.542896
368308.095034	7648180.27369	1856.587843	2539.775419	5.164832
368314.773335	7648173.321832	1855.979171	2549.415338	7.005476
368320.0	7648166.351488	1854.332764	2558.127612	7.03032
368325.269716	7648160.0	1853.887051	2566.38057	5.911061
368335.269716	7648160.0	1852.442999	2576.38057	7.032686
368343.726252	7648163.726252	1851.513468	2585.621671	6.858934
368350.790824	7648159.196237	1850.322019	2594.013883	6.386986
368352.888591	7648152.111409	1849.747018	2601.402754	5.351593
368356.611822	7648143.200847	1848.725272	2611.059904	4.969696
368364.707506	7648139.981331	1848.14973	2619.772274	5.627829
368373.320007	7648136.679993	1846.957896	2628.995832	10.400099
368382.523118	7648134.27893	1844.711335	2638.507001	11.183292
368390.576588	7648134.423412	1843.485175	2646.561767	5.474972
368397.257232	7648127.014093	1842.983129	2656.53819	3.05736
368400.992923	7648119.007077	1842.480423	2665.373783	4.878747
368409.333137	7648115.0	1841.439204	2674.626666	5.789411
368416.560517	7648108.439483	1840.55268	2684.387577	11.14354
368424.968512	7648103.699733	1837.615351	2694.0395	12.261225
368430.064241	7648096.233042	1836.490598	2703.079297	7.591486
368438.852934	7648095.0	1835.227818	2711.954065	8.630457
368448.85218	7648094.923798	1833.62595	2721.953602	10.871905
368458.803782	7648094.900328	1831.39609	2731.905231	9.938999
368465.562511	7648088.382119	1830.236873	2741.294985	7.856113
368473.344362	7648085.0	1828.929784	2749.780027	8.584825
368481.273294	7648080.0	1827.540897	2759.153818	6.939159
368489.435889	7648075.564111	1826.658335	2768.44387	9.300016
368499.202226	7648075.0	1824.417716	2778.226485	13.763162
368509.202226	7648075.0	1821.812892	2788.226485	15.587675
368519.201586	7648074.926633	1818.83853	2798.226114	16.375857
368529.182336	7648075.0	1815.941598	2808.207134	17.140239
368539.18203	7648074.925475	1812.676403	2818.207106	16.567313
368548.990793	7648073.075837	1809.997419	2828.188738	14.708896
368558.664315	7648071.009327	1807.459571	2838.080528	12.405969
368568.341844	7648070.0	1805.681272	2847.810549	12.727764
368576.397766	7648073.602234	1803.26878	2856.635172	8.862272
368584.905672	7648070.0	1802.864842	2865.874249	3.13283
368592.364114	7648063.436048	1802.219335	2875.809732	3.931024
368600.0	7648059.639133	1801.596135	2884.337529	3.07624
368600.255172	7648049.744828	1801.229144	2894.235123	5.870755
368608.289799	7648045.0	1799.619025	2903.566181	12.495632
368615.0	7648039.028066	1797.170647	2912.548986	9.079704
368615.687261	7648029.312739	1796.627072	2922.288591	5.212019
368623.900866	7648025.0	1795.436028	2931.565607	10.174786
368631.829798	7648019.999007	1793.279741	2940.939928	11.270183
368639.830204	7648015.169796	1791.705794	2950.284861	7.925668
368649.759872	7648015.0	1790.596245	2960.21598	7.429991
368658.365738	7648011.634262	1789.205689	2969.456604	9.006858
368665.571866	7648005.0	1787.579056	2979.251589	9.968397
368671.607299	7648000.0	1786.106726	2987.089091	11.436652
368680.62735	7647996.537459	1784.039032	2996.750898	8.667597
368688.31388	7647998.31388	1783.431292	3004.640031	4.131076
368695.684445	7648000.0	1782.923165	3012.200998	11.292886
368704.352429	7647996.343598	1780.042928	3021.608614	15.225606
368710.0	7647988.647817	1777.764731	3031.154298	14.861074
368716.241385	7647983.858024	1775.422455	3039.021763	12.282903
368725.355592	7647980.114926	1773.906723	3048.874659	9.674658
368734.941001	7647980.058999	1772.108725	3058.460231	7.106397
368739.916562	7647975.0	1771.827125	3065.555982	4.296099
368748.476535	7647971.523465	1770.881662	3074.794998	8.822587
368757.012068	7647967.987932	1768.959235	3084.033793	11.348414
368765.547602	7647964.452398	1767.173348	3093.272589	13.012942
368771.926935	7647956.837446	1764.528431	3103.20654	13.003125
368776.977253	7647948.269515	1762.582788	3113.152149	7.336638
368784.338117	7647945.0	1762.210956	3121.206468	8.456872
368793.067512	7647941.932488	1760.009634	3130.459141	14.429938
368799.239667	7647935.0	1757.441892	3139.741107	12.434348
368809.239667	7647935.0	1755.758229	3149.741107	10.598153
368817.997897	7647932.002103	1753.838774	3158.998212	13.434034
368826.540304	7647927.505382	1751.241315	3168.651874	13.163007
368835.35517	7647928.800835	1749.497588	3177.561424	6.446772
368834.951242	7647919.624561	1749.19677	3186.746583	0.481424
368834.890949	7647910.109051	1749.340456	3196.262285	0.375243
368838.426483	7647901.573517	1749.073945	3205.50108	2.293094
368841.962017	7647893.037983	1748.600572	3214.739875	3.264818
368845.497551	7647884.502449	1748.019948	3223.978671	2.938831
368850.0	7647876.367425	1747.648977	3233.276556	1.016277
368856.475095	7647869.779837	1747.691162	3242.513611	0.548981
368865.915008	7647870.097341	1747.469972	3251.958861	0.103358
368875.437338	7647870.0	1747.656946	3261.48169	0.90768
368883.844779	7647866.155221	1747.172638	3270.726547	5.969826
368893.366271	7647865.0	1745.687271	3280.317862	7.397266
368902.380313	7647862.619687	1744.717085	3289.64089	4.30482
368909.451381	7647864.451381	1744.435675	3296.945348	1.959185
368915.0	7647857.846933	1744.172162	3305.571234	3.632754
368917.297637	7647848.273722	1743.263014	3315.416309	3.259852
368924.483586	7647845.0	1743.161691	3323.312834	3.246012
368930.0	7647840.457912	1742.409928	3330.45856	6.601364
368939.542088	7647840.0	1741.229229	3340.011628	3.175519
368940.0	7647830.457912	1741.34995	3349.564697	3.921269
368949.542088	7647830.0	1739.919616	3359.117766	9.552906
368956.299757	7647822.898436	1738.09258	3368.92074	7.013407
368960.0	7647815.331141	1737.677421	3377.344264	7.307071
368968.983603	7647811.721606	1735.771055	3387.025889	12.647348
368976.061211	7647806.133808	1733.481563	3396.043429	10.928299
368981.303531	7647801.303531	1732.653669	3403.171787	7.137561
368989.772404	7647805.0	1731.431884	3412.412225	5.726901
368998.374599	7647801.625401	1730.800323	3421.652662	5.65386
369007.701336	7647800.0	1729.579872	3431.119972	7.218323
369016.910133	7647798.089867	1728.410159	3440.524787	6.962494
369025.222178	7647793.653875	1727.280845	3449.94647	8.825788
369030.286316	7647785.090278	1725.402596	3459.895374	10.234594
369038.072436	7647780.0	1723.805093	3469.197772	8.089953
369048.008898	7647779.023071	1722.661214	3479.182143	5.948278
369055.861885	7647774.414269	1721.816146	3488.287661	7.821174
369063.691327	7647770.0	1720.175959	3497.27576	7.922553
369070.543762	7647764.456238	1719.338812	3506.089905	4.109141
369075.0	7647756.302073	1718.875201	3515.382293	4.498661
369083.697927	7647755.0	1717.915783	3524.17714	6.747275
369090.184231	7647750.0	1716.86582	3532.366898	7.7295
369100.130271	7647749.869729	1715.454175	3542.313791	7.421339
369108.113163	7647745.0	1714.35223	3551.664771	6.609294
369116.040137	7647739.93615	1713.280859	3561.071125	5.66704
369120.0	7647733.562	1712.674224	3568.575144	6.035367
369125.732386	7647727.122657	1711.576015	3577.196362	6.79827
369135.003047	7647729.996953	1710.48946	3586.902378	7.259166
369141.591194	7647722.535855	1709.071891	3596.855852	11.171133
369148.995164	7647715.947206	1706.566695	3606.76691	11.017315
369158.356888	7647715.0	1705.310405	3616.17643	6.276625
369167.373678	7647712.626322	1704.506293	3625.500423	4.452255
369175.305977	7647708.751116	1703.89705	3634.328706	2.47853
369182.362944	7647705.0	1703.778241	3642.320681	3.588335
369191.670854	7647703.329146	1702.802872	3651.777369	3.462753
369195.291809	7647694.993741	1702.656137	3660.865289	3.541142
369200.00679	7647689.602082	1701.797273	3668.027763	5.943407
369205.341225	7647684.658775	1701.153396	3675.300484	1.268133
369210.0	7647676.588503	1701.430009	3684.618933	1.768345
369218.411497	7647675.0	1700.601441	3693.179109	5.810025
369228.411497	7647675.0	1699.54151	3703.179109	6.599505
369235.282832	7647669.518476	1698.427604	3711.969009	8.922288
369241.952669	7647663.047331	1696.70266	3721.262149	5.756578
369245.690422	7647655.0	1696.596316	3730.135161	3.550049
369255.690422	7647655.0	1695.531823	3740.135161	6.909094
369265.488202	7647654.511798	1694.195932	3749.945097	6.917078
369270.0	7647646.380645	1693.213674	3759.244126	6.37753
369276.260397	7647639.168477	1692.08919	3768.794412	9.87102
369284.587009	7647635.0	1689.931651	3778.10616	9.106062
369281.779039	7647628.220961	1689.420673	3785.443739	4.728369
369288.225756	7647620.614415	1688.500045	3795.414682	4.761828
369297.067289	7647617.932711	1687.820481	3804.653958	6.070967
369305.85252	7647615.0	1686.53239	3813.915766	8.08714
369314.138356	7647619.138356	1685.188501	3823.177574	9.228475
369323.781452	7647620.0	1683.454671	3832.859088	8.447965
369333.781452	7647620.0	1682.265437	3842.859088	6.145157
369341.710384	7647615.0	1681.368827	3852.23288	5.464889
369351.710384	7647615.0	1680.41199	3862.23288	5.5204
369361.710384	7647615.0	1679.435917	3872.23288	6.196048
369371.710384	7647615.0	1678.240755	3882.23288	8.013352
369381.710384	7647615.0	1676.620431	3892.23288	9.610511
369389.744958	7647610.255042	1674.967598	3901.563957	10.073413
369399.215929	7647610.0	1673.279767	3911.038362	9.870083
369409.215929	7647610.0	1671.57935	3921.038362	12.04507
369419.215929	7647610.0	1669.01232	3931.038362	13.073513
369426.590092	7647604.226346	1667.082421	3940.403903	9.936051
369433.683912	7647597.786812	1665.693485	3949.984606	7.083851
369442.623158	7647595.0	1664.72828	3959.348176	5.963617
369451.854853	7647596.854853	1663.731767	3968.764368	5.44177
369459.930251	7647597.446896	1663.059956	3976.861439	6.687874
369469.464005	7647595.742579	1661.646744	3986.546333	6.924424
369479.009365	7647595.0	1660.721089	3996.120533	8.183453
369488.003705	7647590.891037	1658.847952	4006.008998	10.857436
369495.733177	7647585.0	1656.960602	4015.727489	9.065273
369504.785522	7647581.84277	1655.767785	4025.314618	7.202905
369514.198451	7647580.0	1654.536847	4034.90623	7.662023
369523.885919	7647581.589534	1653.156813	4044.723239	8.405436
369532.669546	7647580.0	1651.767343	4053.649533	8.227435
369539.163329	7647575.0	1650.681203	4061.845215	5.524528
369547.00609	7647569.405729	1650.042933	4071.478739	6.351479
369556.436357	7647570.221013	1648.55535	4080.944183	9.335972
369566.336517	7647571.177603	1646.851724	4090.89045	10.010451
369576.130231	7647569.66696	1645.050607	4100.799985	13.478209
369585.019487	7647566.372718	1642.204643	4110.280011	13.15797
369593.43692	7647563.682956	1640.768752	4119.116753	9.208541
369598.70673	7647556.29327	1639.300718	4128.193005	9.066531
369605.960113	7647549.604827	1637.746061	4138.059455	12.132057
369613.654716	7647543.80388	1635.108407	4147.695735	12.678422
369620.135202	7647539.266628	1633.798683	4155.606699	7.301187
369625.077584	7647533.099185	1633.082262	4163.510148	4.058952
369632.130707	7647529.973223	1632.690432	4171.22495	1.854255
369636.550909	7647523.449091	1632.577391	4179.105463	2.957847
369643.621977	7647523.621977	1631.917796	4186.178644	5.267522
369650.963796	7647519.821901	1631.16314	4194.44562	5.432316
369660.585645	7647520.0	1630.216518	4204.069117	5.125945
369670.585645	7647520.0	1629.402885	4214.069117	7.533302
369680.580999	7647519.772428	1627.571991	4224.067061	10.570506
369690.37831	7647519.62169	1625.708744	4233.865532	9.636169
369698.344178	7647514.097017	1624.262498	4243.559709	9.070295
369707.849986	7647511.719315	1622.596955	4253.358375	12.326421
369717.150361	7647508.904595	1619.998101	4263.075351	15.962544
369725.614141	7647503.886458	1617.00321	4272.914927	12.784964
369735.122329	7647502.23421	1615.575538	4282.565604	11.575804
369744.889672	7647503.077189	1613.018492	4292.369256	16.627385
369754.58113	7647500.671849	1609.666022	4302.354747	19.299212
369764.388246	7647500.0	1606.079697	4312.184849	16.374785
369772.255229	7647495.0	1604.038747	4321.506299	13.165846
369782.255229	7647495.0	1601.56018	4331.506299	14.439813
369792.255229	7647495.0	1598.888962	4341.506299	13.375501
369802.255229	7647495.0	1596.804689	4351.506299	11.681531
369812.255229	7647495.0	1594.754009	4361.506299	8.814288
369820.184161	7647500.0	1593.800611	4370.88009	7.216521
369830.184009	7647499.992521	1592.300946	4380.879941	9.733802
369840.09098	7647499.315406	1590.381925	4390.810024	10.28138
369847.805627	7647493.253201	1588.720023	4400.621553	7.087152
369856.683543	7647490.0	1587.986586	4410.076748	7.304022
369864.725978	7647485.274022	1586.312544	4419.404965	13.012377
369874.001371	7647481.954261	1583.554351	4429.25655	14.110366
369883.339723	7647479.436221	1581.404983	4438.928435	11.813987
369892.934829	7647476.765363	1579.448181	4448.888331	12.604291
369902.771693	7647476.598237	1576.978143	4458.726615	15.499551
369912.461837	7647477.215835	1574.027349	4468.43642	14.275168
369922.30575	7647477.682192	1572.000331	4478.291373	14.376581
369931.389031	7647479.080222	1569.145822	4487.481612	16.491335
369939.209854	7647472.913911	1566.331291	4497.440962	10.565756
369944.451713	7647465.548287	1565.601967	4506.4814	4.832977
369953.826628	7647465.161518	1564.773609	4515.864289	8.269745
369963.181309	7647468.243908	1562.806731	4525.713715	9.61091
369973.140199	7647468.719683	1561.417581	4535.683963	9.643517
369982.63039	7647467.569063	1559.488329	4545.243652	10.749599
369991.73584	7647468.869196	1557.856603	4554.441454	12.226298
370001.338	7647466.648457	1555.359805	4564.29707	14.570002
370010.4023	7647470.801322	1552.703568	4574.267417	15.466715
370019.253179	7647475.0	1549.89057	4584.063689	16.148321
370027.08594	7647480.640675	1547.072392	4593.716117	14.899014
370034.502405	7647486.788161	1544.759616	4603.349161	16.517684
370041.661781	7647493.402504	1541.3254	4613.096273	16.981847
370048.960976	7647499.910296	1538.796824	4622.875312	14.290621
370056.200326	7647493.440387	1536.361469	4632.584478	14.585921
370065.98359	7647492.578419	1533.714835	4642.405642	15.989819
370075.938401	7647493.002805	1530.692187	4652.369495	18.149489
370085.640378	7647495.0	1527.201763	4662.274904	17.51783
370095.521377	7647494.62818	1524.444776	4672.162897	14.073594
370104.440288	7647491.161315	1522.324181	4681.731916	14.036008
370114.224106	7647490.944097	1519.606197	4691.518145	16.94851
370122.87211	7647485.991123	1516.304931	4701.484083	14.945451
370132.187003	7647482.600873	1514.300183	4711.396752	14.179512
370141.491027	7647479.951862	1511.356399	4721.070538	15.267881
370151.283413	7647479.76813	1508.986263	4730.864648	17.184942
370159.974316	7647484.532821	1505.262418	4740.775958	20.074544
370168.653029	7647488.653029	1501.853603	4750.383048	19.800804
370178.094193	7647490.074753	1498.366218	4759.930658	20.170887
370187.940449	7647491.159584	1494.707577	4769.836496	19.759103
370197.514291	7647493.74752	1491.245602	4779.753948	15.550694
370207.488186	7647493.531397	1489.171781	4789.730185	13.57192
370217.318438	7647494.802419	1486.444575	4799.642266	19.560222
370227.308759	7647494.728111	1482.100547	4809.632863	23.640534
370237.263754	7647495.0	1477.712416	4819.591571	21.523902
370247.263754	7647495.0	1474.229239	4829.591571	20.348223
370257.263754	7647495.0	1470.295287	4839.591571	20.206818
370266.487939	7647498.266289	1466.947187	4849.376979	23.537127
370275.405793	7647502.735551	1461.688233	4859.352069	27.206479
370284.211304	7647507.408964	1456.6949	4869.320912	26.457676
370294.039496	7647509.087527	1451.765564	4879.291415	26.234522
370303.588315	7647511.419435	1446.937634	4889.120847	25.889882
370312.98368	7647510.0	1442.38327	4898.62283	21.624747
370322.98368	7647510.0	1439.206758	4908.62283	15.318218
370330.912612	7647505.0	1437.076743	4917.996621	16.862747
370339.180848	7647500.819152	1433.557223	4927.261783	19.962875
370348.841544	7647500.0	1430.189807	4936.957146	20.626096
370358.82716	7647499.667881	1426.147557	4946.948284	24.851839
370368.337959	7647497.130557	1421.003467	4956.791723	24.848448
370378.032832	7647496.16552	1417.07765	4966.534508	21.926222
370387.891876	7647494.627232	1413.065403	4976.512838	19.570418
370395.669904	7647489.471024	1410.21304	4985.84473	19.155236
370403.377167	7647483.377167	1406.411143	4995.670054	10.655584
370403.6939	7647476.3061	1407.03276	5002.748212	3.455389
370412.932252	7647473.841271	1405.406451	5012.309725	12.325446
370421.972555	7647470.284607	1402.821008	5022.024504	14.931799
370431.810533	7647469.180336	1400.175929	5031.924263	16.399449
370441.487029	7647470.0	1397.049589	5041.635412	18.833729
370451.051488	7647468.948512	1393.581866	5051.257496	22.907312
370459.415961	7647465.0	1389.0753	5060.507099	20.912576
370468.242995	7647460.462162	1386.255155	5070.432244	18.646673
370477.9552	7647459.034513	1382.413781	5080.248818	24.672801
370486.985978	7647455.05798	1377.213109	5090.116328	25.602724
370495.016793	7647450.16817	1373.180396	5099.51868	22.048041
370502.775838	7647445.0	1369.629674	5108.841382	20.266627
370512.775838	7647445.0	1366.045733	5118.841382	16.187428
370522.754158	7647445.346252	1363.828627	5128.825708	13.059508
370532.655912	7647446.280638	1361.422847	5138.771451	18.599476
370542.525052	7647445.0	1357.13275	5148.723333	27.708103
370552.478607	7647445.811499	1350.951686	5158.709913	29.491823
370561.982843	7647445.321311	1346.102294	5168.226782	26.878748
370571.821077	7647444.463995	1341.122747	5178.102299	24.088908
370581.273226	7647441.557407	1337.266106	5187.991251	17.628313
370589.930061	7647443.190035	1335.181282	5196.800693	15.957326
370597.757833	7647449.344877	1331.900001	5206.758408	17.891204
370606.708285	7647446.329603	1328.917958	5216.203114	19.76352
370616.206926	7647444.066067	1324.998252	5225.967733	23.574172
370625.446467	7647440.768866	1320.376705	5235.777964	22.512432
370634.932616	7647439.319711	1316.955174	5245.374166	20.461963
370644.459654	7647436.640869	1313.103664	5255.270662	20.916321
370653.850638	7647433.260444	1309.358501	5265.251536	18.015146
370663.444636	7647430.718613	1306.630238	5275.176541	16.028863
370673.298854	7647432.032279	1303.651247	5285.117935	19.650731
370683.216001	7647433.158967	1299.516557	5295.098879	23.609873
370692.599631	7647431.382045	1295.114492	5304.64927	23.700989
370702.083174	7647429.984124	1291.116145	5314.235289	26.992743
370712.081385	7647430.0	1285.139288	5324.233513	24.392987
370722.081385	7647430.0	1282.047802	5334.233513	14.345894
370732.081385	7647430.0	1280.024445	5344.233513	14.547096
370741.869103	7647428.304271	1276.875317	5354.167038	21.179324
370751.708848	7647427.887456	1272.359936	5364.015607	25.96454
370761.381226	7647426.075536	1267.28766	5373.856234	26.261918
370770.584617	7647422.553633	1262.642736	5383.710482	21.494752
370778.747162	7647417.66245	1259.659884	5393.226301	19.128716
370788.213025	7647415.0	1255.931899	5403.05947	18.461967
370798.0287	7647416.072618	1253.080673	5412.933577	16.091268
370807.727818	7647417.727818	1250.245337	5422.772915	19.176367
370816.564204	7647421.666924	1246.294434	5432.447535	20.835506
370825.273817	7647425.719469	1242.907774	5442.053808	20.877491
370834.942949	7647428.045827	1238.837549	5451.99886	22.250229
370844.130421	7647431.682656	1234.796853	5461.879961	21.889121
370853.503044	7647434.812507	1230.897692	5471.761359	21.694997
370862.906238	7647437.906238	1226.927513	5481.660411	23.39509
370871.653256	7647442.243386	1222.391333	5491.423668	23.70268
370880.156559	7647441.267872	1218.883815	5499.982744	22.116583
370890.014526	7647440.0	1214.873984	5509.92191	22.449378
370898.545805	7647443.545805	1210.960144	5519.160712	21.300315
370905.129384	7647450.861196	1207.434939	5529.002381	17.844697
370909.5236	7647459.5236	1204.665127	5538.715587	14.783938
370918.182517	7647462.93056	1202.415954	5548.020651	15.571646
370926.290878	7647468.70238	1199.298656	5557.973512	18.518696
370936.055893	7647470.296921	1195.76818	5567.867858	19.180438
370945.343853	7647473.904324	1192.3911	5577.83177	19.059643
370952.058683	7647480.756327	1189.011391	5587.42546	19.575653
370955.320424	7647490.048158	1185.477862	5597.273154	18.432674
370961.956089	7647496.002069	1182.758113	5606.188372	17.6717
370969.610252	7647502.151977	1179.509477	5616.007108	20.067085
370977.627775	7647507.873279	1175.573575	5625.856675	18.762975
370984.970184	7647514.65661	1172.767939	5635.852902	19.88985
370992.822361	7647520.733913	1168.364871	5645.782167	24.423723
370998.523641	7647528.866798	1163.748767	5655.714357	19.404161
371007.967075	7647530.0	1161.51641	5665.22554	13.530257
371015.91073	7647525.91073	1159.310203	5674.159956	14.288261
371024.2169	7647530.0	1156.883278	5683.418172	19.936736
371032.981798	7647527.018202	1152.594132	5692.676388	22.186089
371042.009931	7647524.296286	1149.262492	5702.105916	19.803269
371050.114198	7647519.290136	1145.768794	5711.631707	22.050023
371058.422979	7647515.0	1141.616847	5720.982702	16.381959
371066.351911	7647510.0	1140.264367	5730.356494	12.502818
371076.351911	7647510.0	1137.320911	5740.356494	22.618275
371086.351911	7647510.0	1131.931958	5750.356494	27.055848
371095.754839	7647507.337894	1127.222376	5760.128999	25.522185
371105.288528	7647504.952987	1122.574252	5769.956461	27.346293
371115.044389	7647502.874379	1116.981728	5779.931301	26.766047
371124.362373	7647500.0	1112.624896	5789.682551	24.497599
371134.362373	7647500.0	1107.981865	5799.682551	24.509619
371144.362373	7647500.0	1103.50662	5809.682551	22.124369
371154.362373	7647500.0	1099.851062	5819.682551	19.726615
371164.362183	7647500.059426	1096.335334	5829.682538	18.474599
371174.361149	7647500.0	1093.169516	5839.681681	17.441573
371182.126596	7647494.698904	1090.24001	5849.084009	12.745961
371188.185677	7647486.814323	1088.793502	5859.027805	13.840873
371196.894156	7647483.471176	1085.491933	5868.355948	21.241341
371205.77833	7647480.0	1081.460295	5877.894166	21.972253
371215.0	7647477.343978	1077.772016	5887.49071	18.967092
371222.656022	7647475.0	1075.410476	5895.497514	9.305879
371230.584955	7647470.0	1074.924089	5904.871305	8.475878
371240.584955	7647470.0	1072.523468	5914.871305	14.61551
371250.584955	7647470.0	1069.708858	5924.871305	14.57058
371260.584955	7647470.0	1067.324983	5934.871305	13.457731
371268.70867	7647465.824179	1065.130228	5944.00543	10.583553
371278.338349	7647465.0	1063.812535	5953.670314	10.427849
371287.786177	7647462.204817	1061.538393	5963.522953	17.144991
371297.288967	7647460.087734	1057.769704	5973.258715	19.810146
371307.286839	7647460.290461	1054.429388	5983.258642	20.218014
371316.983792	7647462.45617	1050.427883	5993.194496	22.12456
371326.497377	7647459.817763	1046.376352	6003.067161	19.658503
371331.463089	7647452.914042	1043.863271	6011.571257	14.546923
371339.404116	7647447.466555	1041.670879	6021.201159	14.649992
371348.858107	7647445.0	1038.791932	6030.971617	17.582044
371358.858107	7647445.0	1035.406335	6040.971617	18.332856
371368.858107	7647445.0	1032.165048	6050.971617	18.866098
371378.858107	7647445.0	1028.57224	6060.971617	18.712322
371387.728094	7647447.728094	1025.6347	6070.251658	19.263145
371396.672656	7647450.629072	1022.043146	6079.654895	19.48211
371406.382674	7647452.766283	1018.791052	6089.597336	18.483983
371415.836903	7647455.099953	1015.464491	6099.335326	17.913113
371423.919019	7647460.0	1012.588357	6108.786837	14.55645
371433.613969	7647458.484105	1010.462315	6118.599583	14.64982
371442.817036	7647454.68349	1007.420531	6128.556547	16.235561
371452.652457	7647454.92987	1004.698053	6138.395054	15.123779
371460.666364	7647450.0	1002.218788	6147.803896	16.890568
371469.006724	7647445.993276	999.031727	6157.056758	16.43296
371477.542258	7647442.457742	996.765007	6166.295553	14.419152
371486.077792	7647438.922208	994.28105	6175.534349	17.385316
371493.981195	7647433.024546	990.784948	6185.395697	21.558625
371502.293137	7647427.706863	986.486603	6195.263124	23.996268
371510.65859	7647423.206992	982.164288	6204.762053	23.007279
371518.088711	7647416.911289	978.318092	6214.500769	20.684298
371526.929279	7647412.924056	974.826041	6224.198896	17.638079
371535.711577	7647409.865276	972.277909	6233.498622	15.441967
371545.608389	7647408.516826	969.498209	6243.486874	18.222334
371554.188099	7647405.0	965.93717	6252.759388	21.483836
371562.348295	7647399.68314	962.015617	6262.498884	21.460857
371570.812171	7647394.748082	958.256987	6272.296434	18.439967
371578.616285	7647388.674818	955.451786	6282.185253	15.109357
371586.642332	7647383.357668	952.987812	6291.812792	14.315764
371594.89379	7647378.101472	950.498474	6301.596154	14.744226
371604.417631	7647375.347651	947.804217	6311.510138	15.795979
371614.254124	7647376.392804	944.895659	6321.402	14.821964
371623.795189	7647374.481359	942.611837	6331.13265	16.109364
371633.465862	7647373.320889	939.272458	6340.872702	18.653774
371642.130533	7647372.869467	936.394958	6349.549124	20.666515
371650.846249	7647369.586294	932.48683	6358.862713	22.590191
371659.886189	7647365.317507	928.360814	6368.859865	21.916643
371668.38238	7647368.189025	924.856605	6377.828191	20.833911
371677.610981	7647370.0	921.369369	6387.232803	22.019586
371687.607615	7647370.22634	917.009498	6397.231998	20.313226
371697.487435	7647370.0	914.009957	6407.11441	14.115165
371707.487435	7647370.0	912.00994	6417.11441	13.70104
371717.445325	7647369.544238	909.141972	6427.082725	16.617438
371727.266098	7647369.366738	906.103703	6436.905102	19.490965
371737.234154	7647369.994069	902.130568	6446.892879	22.502223
371747.231359	7647370.0	897.825015	6456.890085	22.908932
371757.230198	7647369.928027	893.680402	6466.889183	21.356476
371766.758242	7647368.304733	890.136084	6476.554519	21.80475
371775.413886	7647364.223026	885.98531	6486.124289	22.023764
371784.815069	7647365.0	882.449452	6495.557524	23.353332
371794.814605	7647365.094016	877.59487	6505.557502	26.118395
371804.634361	7647363.335397	872.655706	6515.533491	24.314581
371814.302952	7647361.015663	868.595309	6525.476469	21.198674
371823.934199	7647358.412055	864.930053	6535.453428	21.237196
371832.913495	7647354.104856	860.848056	6545.412329	21.969427
371842.278301	7647350.772512	856.902975	6555.352355	21.083641
371851.845646	7647347.893071	853.163999	6565.343614	19.183291
371860.824266	7647343.687198	849.97765	6575.258501	18.178229
371869.960752	7647339.652872	846.628996	6585.246051	21.559808
371876.57531	7647332.298722	842.123476	6595.137255	21.530493
371882.539419	7647324.601345	838.885199	6604.874822	19.457314
371892.092062	7647321.676672	835.154219	6614.865152	19.350711
371901.927351	7647320.348728	831.891542	6624.789685	18.246671
371911.89034	7647320.0	828.595775	6634.758775	18.333658
371921.614339	7647318.209303	825.311866	6644.64628	15.155073
371930.805355	7647315.0	823.281083	6654.381494	14.800391
371940.805355	7647315.0	820.097614	6664.381494	16.078691
371950.801217	7647314.918462	817.517713	6674.377689	16.542705
371960.679077	7647313.565349	814.16732	6684.347796	18.344346
371969.569299	7647310.0	811.036043	6693.926302	16.3414
371979.569299	7647310.0	808.426984	6703.926302	14.585033
371989.569299	7647310.0	805.832173	6713.926302	13.769745
371998.806748	7647307.472716	803.629535	6723.503234	15.649821
372008.367817	7647304.91966	800.377126	6733.3993	18.088049
372018.358088	7647304.875907	797.134442	6743.389667	19.262266
372028.315039	7647305.609902	793.3972	6753.373635	20.044694
372038.1494	7647304.608368	789.885321	6763.258863	13.707114
372046.282054	7647300.658634	788.781125	6772.299906	13.868094
372056.151819	7647300.220863	785.214291	6782.179375	20.052099
372064.366192	7647294.728879	781.568711	6792.06056	20.62268
372074.248877	7647293.337605	777.740178	6802.040695	20.612579
372083.877931	7647290.693098	774.059325	6812.02629	19.532051
372093.29826	7647287.457584	770.66457	6821.986769	17.948545
372102.820899	7647285.0	767.647347	6831.82142	15.826161
372112.151523	7647281.841778	765.08466	6841.67205	15.275017
372121.722276	7647280.0	762.295568	6851.418406	14.207612
372131.722276	7647280.0	760.085426	6861.418406	15.897042
372141.66207	7647279.548606	756.61394	6871.368445	22.720051
372151.503365	7647278.226789	751.761663	6881.298112	24.90234
372161.382611	7647279.650606	747.370889	6891.279432	23.181271
372171.369155	7647279.971423	743.209227	6901.271128	20.869809
372181.310163	7647280.785995	739.758905	6911.245453	17.91832
372189.899606	7647285.0	736.890698	6920.812918	16.288229
372199.48123	7647283.018909	734.104549	6930.597203	13.615183
372208.675375	7647280.0	732.177181	6940.274295	11.108132
372218.675375	7647280.0	730.241274	6950.274295	8.154748
372226.604307	7647275.0	729.401075	6959.648086	7.288458
372234.66995	7647270.33005	727.850438	6968.968121	14.248312
372242.990055	7647266.59268	724.718379	6978.089089	17.528413
372250.193493	7647259.959637	721.87702	6987.881269	16.241565
372259.026344	7647255.973656	719.042962	6997.571847	14.161979
372264.727598	7647247.79009	716.915223	7007.545564	11.807717
372273.364507	7647243.037149	714.89717	7017.403893	10.905538
372283.239338	7647242.152618	713.105735	7027.318261	11.393456
372292.490938	7647239.114034	710.93705	7037.056079	11.73939
372301.63164	7647235.094747	709.007246	7047.041423	11.889601
372311.079645	7647232.369663	706.76452	7056.874575	16.422192
372321.048954	7647231.631854	703.162876	7066.871148	17.136037
372330.268068	7647228.029849	700.630703	7076.768952	12.149682
372339.599147	7647224.618116	698.893179	7086.70419	9.33499
372349.523439	7647224.408894	697.365861	7096.630687	10.872207
372359.42097	7647223.752634	695.081585	7106.549951	13.939417
372369.071278	7647221.174171	692.424719	7116.538791	14.893211
372378.908287	7647220.0	689.790443	7126.445628	16.027811
372388.908287	7647220.0	686.706244	7136.445628	13.045489
372398.583453	7647221.55999	685.202803	7146.245751	7.364545
372403.982216	7647228.982216	684.253428	7155.423772	4.236997
372401.053284	7647236.053284	683.955871	7163.07744	4.49143
372409.4185	7647240.0	682.925702	7172.326949	9.291489
372419.082958	7647238.311037	680.837605	7182.137879	13.498554
372428.053755	7647235.0	678.275253	7191.70021	15.562722
372435.97522	7647229.879081	675.547616	7201.132782	14.871851
372444.536809	7647225.666423	673.236681	7210.674652	12.666701
372454.263954	7647225.788984	671.21688	7220.40257	12.835352
372463.593392	7647228.310784	668.818437	7230.066828	13.739653
372473.011378	7647230.0	666.514534	7239.635105	15.077328
372483.004564	7647229.797533	663.548263	7249.630342	15.933794
372492.591309	7647227.635616	660.855415	7259.457832	15.529952
372501.554412	7647228.960345	658.299696	7268.518302	17.275973
372511.296752	7647230.0	654.990621	7278.315958	17.29438
372519.452476	7647225.547524	652.356185	7287.607911	16.200684
372527.405249	7647220.208021	649.508034	7297.186892	11.45605
372535.131914	7647214.809554	648.504924	7306.612644	8.042818
372542.753441	7647209.746654	646.883318	7315.762542	8.445971
372550.873925	7647204.907011	645.742676	7325.215817	8.681731
372559.444312	7647200.551338	643.971968	7334.829527	7.569125
372566.958784	7647195.0	643.223832	7344.172152	3.856578
372574.920603	7647190.079397	642.711251	7353.531794	5.859365
372582.130543	7647185.0	641.358286	7362.351289	8.338012
372592.130543	7647185.0	639.953114	7372.351289	8.827351
372602.130543	7647185.0	638.252439	7382.351289	9.970096
372612.130539	7647184.993286	636.437442	7392.351288	11.433474
372621.833928	7647182.969884	634.225468	7402.263397	13.142835
372630.964666	7647183.88203	631.980547	7411.439583	16.986453
372640.209927	7647185.72567	628.5428	7420.866877	17.963474
372649.417095	7647188.556979	625.801216	7430.499542	13.517215
372658.998005	7647187.579108	623.912099	7440.130226	9.514049
372667.841106	7647186.264167	622.688906	7449.070556	12.015096
372677.181305	7647187.443124	620.005763	7458.484868	18.273719
372687.081229	7647188.20853	616.301606	7468.414336	23.36816
372696.608087	7647185.563632	611.443684	7478.301525	20.473922
372706.024916	7647186.024916	609.090159	7487.729645	9.907815
372714.363111	7647190.365358	608.155058	7497.129908	6.878671
372723.048919	7647193.048919	606.859531	7506.220824	5.097979
372732.240754	7647195.0	606.505795	7515.617449	0.67285
372740.169686	7647190.0	606.639098	7524.99124	6.605735
372750.119986	7647190.119986	604.267944	7534.942263	10.625219
372758.098075	7647195.058047	603.012198	7544.324925	8.95941
372767.999661	7647194.003271	601.218881	7554.282533	8.287257
372774.899179	7647192.747129	600.540392	7561.295467	5.311538
372781.690736	7647199.185135	599.696911	7570.65352	6.742402
372791.359403	7647200.0	598.287004	7580.356465	7.8087
372801.358299	7647199.882713	596.995033	7590.356049	9.318291
372810.945081	7647199.054919	595.067436	7599.978503	12.453751
372818.758203	7647193.080112	592.697846	7609.814314	12.907846
372826.102109	7647187.620267	590.716246	7618.965427	13.719087
372830.454598	7647178.789077	588.060405	7628.810938	12.833954
372835.472908	7647171.013298	586.365054	7638.065459	13.442942
372844.812257	7647170.0	583.603026	7647.459618	12.301745
372852.578497	7647165.0	582.302424	7656.696202	10.387082
372861.605323	7647168.635869	580.126247	7666.427755	14.289077
372870.843795	7647170.843795	577.404762	7675.926403	15.00962
372879.122238	7647175.0	575.095807	7685.189591	14.897811
372888.822052	7647177.054658	572.302772	7695.104631	14.844071
372897.745402	7647180.0	569.977643	7704.501504	15.175004
372907.745402	7647180.0	567.042007	7714.501504	17.934063
372917.745402	7647180.0	563.50489	7724.501504	17.709366
372927.745402	7647180.0	560.655791	7734.501504	13.93913
372937.745402	7647180.0	558.541044	7744.501504	9.185343
372945.674334	7647175.0	557.523101	7753.875295	8.262602
372955.674334	7647175.0	555.727712	7763.875295	12.514368
372965.674334	7647175.0	553.084081	7773.875295	17.427883
372975.674334	7647175.0	549.449598	7783.875295	19.707447
372985.674334	7647175.0	545.92034	7793.875295	15.745555
372995.665854	7647174.69009	543.811901	7803.871619	12.084206
373002.567451	7647169.475043	541.928334	7812.521981	7.765852
373011.18496	7647165.0	541.308042	7822.232155	4.667758
373021.18496	7647165.0	540.319076	7832.232155	5.064126
373031.18496	7647165.0	539.535764	7842.232155	4.940274
373039.373427	7647169.373427	538.652317	7851.515358	6.302612
373049.113892	7647170.0	537.432492	7861.275955	8.255987
373057.042824	7647165.0	535.876005	7870.649747	10.49329
373067.042824	7647165.0	533.844228	7880.649747	14.665192
373076.162927	7647161.708132	530.721798	7890.345759	14.846637
373084.885837	7647157.643351	528.723125	7899.969252	12.620642
373091.781814	7647151.096974	526.438208	7909.477645	13.170678
373100.076165	7647146.641371	524.294955	7918.892987	12.732943
373109.574409	7647145.090739	522.136137	7928.516972	16.291931
373119.504664	7647144.661012	518.577346	7938.456521	19.893821
373129.295198	7647144.75555	514.996417	7948.247512	16.102276
373139.280484	7647144.582074	512.868108	7958.234305	10.834912
373148.311944	7647141.838342	511.278586	7967.673337	10.783507
373157.644774	7647140.0	509.258737	7977.185499	12.065405
373167.343921	7647137.926521	507.12545	7987.103803	11.530588
373177.005097	7647135.490721	505.202805	7997.067309	8.497017
373186.964003	7647135.0	504.147371	8007.038297	8.947019
373196.819247	7647136.402451	502.065891	8016.99283	13.642625
373206.256561	7647135.676685	499.434097	8026.458009	15.658313
373216.058492	7647135.0	496.658901	8036.283271	15.362162
373226.000645	7647134.166736	493.993878	8046.26028	13.41744
373235.976053	7647133.569637	491.895033	8056.253543	12.710019
373245.627018	7647135.0	489.539609	8066.009929	14.637185
373255.509733	7647136.141091	486.748828	8075.958303	21.33381
373265.135118	7647134.5442	481.843675	8085.715254	24.799499
373274.976838	7647133.577831	477.671613	8095.604304	17.528684
373283.342715	7647138.342715	475.679527	8105.231973	11.212287
373291.731308	7647142.912179	473.869696	8114.784382	9.369766
373299.258868	7647149.258868	472.478745	8124.630428	6.828399
373305.459066	7647154.683657	471.704233	8132.868801	4.484508
373313.661501	7647158.661501	471.117681	8141.984895	8.126625
373321.947748	7647163.431342	469.037309	8151.545924	14.170662
373330.480138	7647161.728526	466.506856	8160.246571	13.54646
373339.142932	7647156.918083	464.553749	8170.155374	11.030548
373348.329079	7647156.670921	462.784072	8179.344844	12.667256
373357.510184	7647156.36368	460.423762	8188.531089	13.249716
373366.02373	7647160.059693	458.435792	8197.812305	9.810071
373373.922771	7647165.056797	457.20284	8207.159278	7.514691
373382.643286	7647168.208409	455.979703	8216.43182	10.23943
373391.832667	7647170.614455	453.812044	8225.930967	15.213457
373401.748444	7647171.84855	450.679247	8235.923245	18.703834
373411.529767	7647173.913752	447.044782	8245.920211	18.979014
373420.951119	7647172.894549	443.982247	8255.396532	14.365858
373430.87503	7647171.994376	442.065688	8265.361186	11.980291
373440.36958	7647174.864647	439.763139	8275.280103	16.289455
373450.193894	7647176.229394	436.26892	8285.198756	19.709318
373459.420511	7647180.010119	432.638128	8295.169933	19.545739
373467.377438	7647185.934639	429.207324	8305.090246	17.086229
373476.630949	7647189.373876	426.554623	8314.962217	14.369624
373486.587391	7647190.0	424.122574	8324.938328	12.917788
373496.402869	7647190.742813	422.008978	8334.781872	9.956154
373504.413737	7647195.0	420.80231	8343.853677	7.410252
373513.980967	7647196.906036	419.560418	8353.608926	9.880642
373522.993956	7647200.192503	417.432254	8363.202404	13.216865
373532.965257	7647200.927328	414.959255	8373.200745	14.60193
373542.829135	7647200.0	412.246648	8383.108117	13.803985
373552.829135	7647200.0	410.068217	8393.108117	11.737442
373560.525356	7647194.474644	408.200574	8402.582365	8.928624
373568.586673	7647190.786518	407.187076	8411.447302	7.856927
373578.028013	7647193.431522	405.624309	8421.252146	9.470122
373585.971895	7647199.368409	403.8974	8431.169398	11.014517
373594.056216	7647195.119127	401.916407	8440.30245	14.250421
373602.754674	7647190.234153	399.044247	8450.278729	17.266474
373611.329397	7647185.268151	395.735808	8460.187667	16.054107
373621.238859	7647185.0	393.340287	8470.100756	10.735701
373631.238859	7647185.0	391.960452	8480.100756	8.293008
373641.238859	7647185.0	390.425182	8490.100756	7.940426
373649.41154	7647189.41154	389.270323	8499.38808	6.098353
373658.984821	7647191.221345	388.392057	8509.13093	6.24282
373668.401981	7647193.401981	387.147196	8518.797267	6.600269
373672.740059	7647200.0	386.359958	8526.693645	6.223738
373682.740059	7647200.0	385.195583	8536.693645	7.571666
373691.345187	7647202.387132	383.843747	8545.62374	10.461717
373699.737566	7647205.87894	381.868343	8554.713557	14.146931
373709.231897	7647208.761689	379.051815	8564.635883	16.181561
373718.638108	7647211.633782	376.135404	8574.470807	15.183382
373728.533895	7647211.444355	373.696918	8584.368406	12.825536
373737.336353	7647215.0	371.720907	8593.861872	9.261876
373745.265285	7647210.0	370.620268	8603.235663	5.640863
373754.786068	7647207.805282	369.830066	8613.006133	12.413608
373763.469093	7647203.00194	366.285594	8622.929188	18.805626
373770.472755	7647196.274601	363.144064	8632.640439	15.405784
373775.0	7647187.781549	360.957751	8642.264776	11.88902
373778.366341	7647178.777948	359.094233	8651.877116	8.144143
373780.368447	7647169.631553	358.24233	8661.240073	9.595642
373785.277915	7647161.561217	355.914447	8670.686406	8.585073
373787.345345	7647152.654655	355.435941	8679.829771	4.084424
373790.0	7647143.754249	354.598356	8689.117635	3.054253
373790.880879	7647134.119121	354.424146	8698.792946	5.34128
373798.052608	7647127.152271	352.759025	8708.791481	8.999209
373805.95909	7647121.187135	351.272222	8718.695788	9.268442
373814.176942	7647116.046365	349.560968	8728.389115	12.266702
373821.413809	7647109.305127	347.014367	8738.27934	11.976409
373830.233825	7647104.912225	345.372946	8748.132779	10.623522
373839.818849	7647102.969006	343.331834	8757.912799	12.527222
373849.277206	7647100.860178	341.046839	8767.603396	12.68355
373858.635478	7647102.47156	339.013869	8777.099385	10.879682
373865.006666	7647110.0	337.326208	8786.961912	9.869315
373873.540247	7647113.540247	335.690795	8796.200709	6.406532
373880.0	7647110.50123	335.487318	8803.339619	6.907217
373889.49877	7647110.0	333.673747	8812.851604	12.426664
373897.997497	7647104.879709	331.205131	8822.773587	11.57242
373907.069911	7647103.131129	329.750213	8832.012971	12.105114
373916.764348	7647105.0	327.106146	8841.885903	16.600081
373926.764348	7647105.0	323.825989	8851.885903	14.662794
373936.764348	7647105.0	321.873284	8861.885903	8.846756
373944.863255	7647100.298389	320.812084	8871.250595	5.657948
373952.42537	7647094.18621	319.982245	8880.973984	5.376854
373961.859221	7647092.35939	318.992558	8890.583086	7.92578
373971.305442	7647089.939799	317.286985	8900.334265	9.467543
373980.483435	7647090.0	315.835985	8909.512456	7.201005
373990.483435	7647090.0	314.863947	8919.512456	6.802622
374000.483435	7647090.0	313.450272	8929.512456	11.723309
374010.482528	7647089.970396	310.713965	8939.511593	16.020181
374020.396909	7647088.784413	307.712455	8949.496657	14.731555
374028.860676	7647085.0	305.65097	8958.767964	12.518287
374038.860676	7647085.0	303.433786	8968.767964	12.450954
374048.860676	7647085.0	301.235169	8978.767964	12.462902
374058.778754	7647084.02226	299.021091	8988.734119	9.823711
374066.689893	7647078.445048	297.833516	8998.413552	9.017768
374076.056479	7647074.976844	295.899908	9008.401613	11.47294
374085.944169	7647075.352769	293.798196	9018.296447	13.845322
374094.914988	7647073.500686	291.203748	9027.456458	15.723408
374103.32023	7647069.150313	288.555077	9036.920804	12.212901
374111.012966	7647065.0	287.263464	9045.661701	8.370053
374121.012966	7647065.0	285.797753	9055.661701	11.163524
374131.012966	7647065.0	283.316707	9065.661701	14.19078
374141.012966	7647065.0	280.740554	9075.661701	16.396509
374150.959812	7647064.202693	277.438147	9085.640451	16.499926
374160.323417	7647061.146954	274.86734	9095.490052	11.742518
374170.259322	7647061.304808	273.325315	9105.42721	11.655304
374180.258691	7647061.327692	270.75502	9115.426606	12.971314
374190.241568	7647061.657145	268.721469	9125.414917	12.540172
374199.128621	7647065.833032	266.34935	9135.234172	11.230862
374203.735056	7647073.735056	264.955615	9144.380823	9.117343
374213.211099	7647075.0	263.347296	9153.940921	8.672274
374223.015722	7647073.260366	261.978718	9163.898679	8.185978
374232.387507	7647074.053909	260.561954	9173.304	7.64136
374242.123844	7647075.004821	259.404472	9183.086663	6.497373
374251.677834	7647077.48106	258.323832	9192.956338	6.173111
374260.0	7647078.582645	257.429051	9201.351095	3.336433
374261.580646	7647070.0	257.325704	9210.078078	3.1102
374269.653219	7647065.346781	256.448595	9219.395744	6.356199
374270.819419	7647055.592471	255.193527	9229.21952	6.065193
374273.507597	7647046.492403	254.396601	9238.708331	8.054298
374282.049983	7647041.524561	252.452512	9248.590224	9.687686
374291.424757	7647038.393401	251.022454	9258.474077	8.092725
374300.958993	7647039.292994	249.685485	9268.050659	4.476684
374307.708452	7647035.0	249.646458	9276.049721	2.111061
374315.504963	7647029.611065	249.041283	9285.52739	4.797445
374323.256679	7647023.456925	248.020389	9295.424993	6.153985
374331.674202	7647020.0	246.993009	9304.524719	8.638356
374340.814098	7647016.725139	245.163059	9314.233603	9.617982
374347.536353	7647010.126435	243.751566	9323.653348	6.39262
374352.392344	7647001.88613	243.036153	9333.218037	5.424182
374361.12331	7646998.87669	241.966513	9342.453105	5.850567
374365.0	7646990.482468	241.142473	9351.699277	4.012302
374371.729911	7646986.729911	240.77752	9359.40469	3.134092
374380.0	7646991.730786	240.191412	9369.069219	3.617508
374384.759385	7646990.240615	239.851243	9374.056438	2.974021
374392.571363	7646995.298675	239.448831	9383.362939	3.636333
374400.755013	7647000.15003	238.655238	9392.876497	7.391096
374410.247484	7647000.247484	236.983391	9402.369468	7.208196
374417.426905	7647002.795121	236.491193	9409.987508	4.122865
374426.044039	7647000.215927	235.785936	9418.982354	10.161508
374435.837451	7647002.18774	233.088558	9428.972297	20.135935
374445.676273	7647002.650081	228.511786	9438.821976	20.258381
374454.880298	7647000.0	225.918331	9448.399919	13.704422
374464.362116	7646996.964687	223.74852	9458.355722	12.629807
374473.662368	7646993.397479	221.455675	9468.316629	12.564045
374483.475307	7646992.16036	219.324393	9478.207242	13.599966
374493.078707	7646989.417133	216.646808	9488.194763	13.379357
374501.498942	7646985.0	214.687352	9497.703255	12.567947
374510.377886	7646983.549473	212.521413	9506.699903	11.567833
374515.0	7646977.365364	211.265684	9514.420469	6.381344
374516.862969	7646968.137031	210.605114	9523.834968	6.580138
374525.315755	7646963.601731	209.073226	9533.427598	9.995777
374533.586621	7646958.09251	207.16297	9543.36534	10.294152
374541.818799	7646953.181201	205.527342	9552.951253	7.430833
374545.354333	7646944.645667	204.707839	9562.190048	7.920192
374550.479827	7646936.603693	202.915394	9571.726507	9.163169
374556.437127	7646929.233571	201.64101	9581.203221	7.284141
374564.862161	7646924.146327	200.446142	9591.045032	8.777055
374574.182889	7646920.602236	198.581919	9601.01682	11.22391
374583.22507	7646916.595571	196.504884	9610.906937	12.649679
374593.127797	7646915.367012	194.122769	9620.885581	13.58459
374600.741464	7646909.709968	191.801756	9630.370837	12.864047
374610.051007	7646906.32755	189.694754	9640.275803	13.95157
374615.0	7646897.839523	186.900276	9650.101235	12.834925
374616.527688	7646888.472312	185.293926	9659.592203	11.170978
374622.56807	7646880.609767	183.068135	9669.507134	9.547492
374631.552169	7646878.447831	182.072167	9678.747697	6.028706
374639.377925	7646872.349681	181.044507	9688.66888	5.793777
374648.28052	7646868.464412	180.079966	9698.382351	9.759352
374656.577639	7646863.24049	177.687498	9708.18702	12.691226
374662.626525	7646855.325947	175.628811	9718.148397	10.096435
374665.070751	7646845.723458	174.149483	9728.057082	9.321036
374668.241857	7646836.758143	172.441717	9737.566697	11.058254
374675.709556	7646830.139643	170.34092	9747.545228	12.263404
374683.301915	7646825.0	168.279943	9756.713643	15.061334
374691.221477	7646819.848419	165.331547	9766.161302	17.666185
374700.868638	7646819.290073	162.193474	9775.824606	14.791976
374708.261693	7646812.663824	160.158406	9785.752569	11.604575
374716.863624	7646811.728466	158.377994	9794.405204	13.165365
374723.971249	7646811.028751	156.463996	9801.547189	13.968714
374733.545127	7646810.0	154.206374	9811.176179	12.159395
374743.545127	7646810.0	152.234745	9821.176179	10.717214
374751.94185	7646813.842107	150.566197	9830.410179	7.20678
374756.084095	7646821.084095	150.012215	9838.753115	3.928472
374764.336595	7646823.949264	149.393398	9847.488844	6.301318
374773.374825	7646820.113709	147.963448	9857.307249	9.734335
374782.689135	7646821.981529	146.07947	9866.806993	11.261959
374790.19078	7646819.888776	144.521038	9874.595079	12.629073
374798.44056	7646814.294311	142.101221	9884.562873	12.480993
374807.435196	7646817.580809	140.195161	9894.139122	9.295417
374814.901541	7646815.098459	139.246103	9902.007309	6.729384
374824.84487	7646815.342316	138.093238	9911.953628	3.89302
374834.831321	7646815.0	137.889304	9921.945944	1.727351
374835.0	7646805.168679	137.495388	9931.778712	4.297461
374842.451071	7646798.730652	136.410483	9941.625877	8.989204
374850.644545	7646793.233552	134.376925	9951.492544	11.881787
374857.389514	7646786.27095	132.295036	9961.186482	9.272465
374865.496558	7646780.819415	131.199362	9970.955995	7.928068
374874.856371	7646777.701083	129.560715	9980.821597	8.254968
374882.786483	7646780.0	128.57024	9989.078212	3.930267
374890.715415	7646785.0	128.349474	9998.452003	7.303143
374900.688419	7646784.805326	126.09061	10008.426907	11.587366
374905.0	7646779.258919	124.863881	10015.452031	6.036211
374909.059557	7646770.940443	124.369022	10024.708221	8.306875
374914.094413	7646762.41647	122.067047	10034.608113	13.375176
374920.0	7646754.628082	119.691142	10044.382311	6.287687
374923.798519	7646746.201481	119.971708	10053.625491	2.785693
374933.251723	7646744.432632	118.77346	10063.242761	8.135391
374939.040593	7646739.318147	117.492743	10070.967331	6.389626
374943.444163	7646731.555837	116.909087	10079.891729	6.01139
374951.425691	7646728.574309	115.655787	10088.411958	8.075762
374958.496759	7646728.496759	114.696852	10095.483451	5.339327
374965.0	7646726.676077	114.363767	10102.236749	2.085172
374970.0	7646721.184211	114.180573	10109.663766	3.42889
374978.794444	7646719.395243	113.381064	10118.638322	4.696005
374986.756933	7646714.471144	112.674361	10128.000372	4.500373
374995.618972	7646715.0	111.945479	10136.878177	4.652074
375003.973213	7646718.973213	111.199217	10146.12911	9.173204
375013.547904	7646720.0	108.896654	10155.7587	12.692163
375023.546287	7646719.835279	106.778513	10165.758439	13.321526
375033.524342	7646719.223746	104.16189	10175.755217	12.940579
375041.155974	7646713.686819	102.315151	10185.183862	9.503252
375049.461874	7646709.501407	101.02665	10194.484704	6.611638
375056.344621	7646706.344621	100.359464	10202.056857	4.826401
375064.830514	7646710.0	99.607159	10211.296563	3.266117
375065.0	7646719.830514	99.271146	10221.128538	1.824479
375074.830514	7646720.0	98.980803	10230.960512	1.995998
375083.104149	7646725.0	98.591606	10240.627624	2.399529
375093.104149	7646725.0	98.156693	10250.627624	2.013455
375103.104149	7646725.0	97.888509	10260.627624	2.068576
375113.070978	7646725.452592	97.435159	10270.604723	1.727344
375118.787027	7646730.0	97.367371	10277.908978	1.041399
375126.715959	7646725.0	97.131997	10287.282769	1.798847
375135.0	7646720.865232	96.782217	10296.541368	2.4805
375142.0637	7646715.0	96.333203	10305.722697	3.752335
375150.776926	7646711.604333	95.566788	10315.074213	4.619987
375159.623034	7646708.137162	94.809767	10324.575523	4.940002
375167.565826	7646707.565826	94.057303	10332.538837	4.429236
375175.639399	7646710.639399	93.523817	10341.177671	2.941439
375180.0	7646718.833179	93.136512	10350.459528	1.945597
375185.0	7646726.762112	92.890101	10359.833319	1.464862
375191.734304	7646730.612512	92.698443	10367.590666	0.980871
375195.042445	7646723.625056	92.624931	10375.321665	3.056121
375196.3439	7646713.908873	91.762333	10385.124623	5.951504
375203.979222	7646709.040632	90.659047	10394.179893	5.816286
375212.589891	7646707.410109	89.947286	10402.943582	6.003743
375221.38388	7646703.61612	88.730156	10412.521085	6.742636
375229.183152	7646697.475527	87.641444	10422.447592	7.280335
375235.976911	7646690.720053	86.238092	10432.028385	6.924475
375241.945719	7646685.0	85.473935	10440.295529	3.677972
375249.911365	7646680.088635	85.10516	10449.653575	2.980288
375259.874651	7646680.0	84.468021	10459.617256	4.166147
375268.819708	7646683.298837	83.684967	10469.151214	7.372512
375278.754445	7646682.350353	81.943207	10479.131125	7.835357
375287.899755	7646684.655834	81.013818	10488.562559	5.397274
375297.765538	7646685.0	80.119496	10498.434342	5.240384
375307.765538	7646685.0	79.191275	10508.434342	7.225361
375317.765538	7646685.0	77.58399	10518.434342	7.02828
375327.5073	7646683.833105	76.748888	10528.245743	3.412157
375334.577561	7646680.0	76.519504	10536.288211	4.942781
375344.577561	7646680.0	75.188577	10546.288211	7.161016
375353.681001	7646677.278916	74.069455	10555.789627	5.230646
375361.185143	7646680.710511	73.563405	10564.041172	5.012464
375370.043382	7646683.974096	72.517786	10573.481478	5.751935
375377.924114	7646682.075886	71.796027	10581.587595	7.539929
375386.942788	7646679.033362	70.185093	10591.105654	11.373146
375396.753394	7646677.625964	67.888027	10601.016696	11.743877
375403.323079	7646676.676921	66.744861	10607.654575	8.009717
375412.628475	7646675.0	65.623564	10617.109863	4.32321
375421.858613	7646673.141387	65.318321	10626.525269	0.825904
375429.710378	7646667.158715	65.34554	10636.39657	1.078982
375435.647488	7646669.352512	65.013205	10642.726027	1.500111
375443.844619	7646665.0	64.936747	10652.007045	1.896633
375453.844619	7646665.0	64.374741	10662.007045	3.041478
375463.844619	7646665.0	63.874104	10672.007045	3.478936
375469.886006	7646657.81246	63.196029	10681.396353	4.322449
375470.0	7646647.862984	62.412387	10691.346482	4.475148
375472.137016	7646640.0	61.7796	10699.494693	2.906975
375482.137016	7646640.0	61.490851	10709.494693	2.830983
375490.065948	7646645.0	60.82159	10718.868485	5.806442
375500.046632	7646644.953368	59.522744	10728.849278	6.287152
375507.601552	7646638.516345	58.628517	10738.774603	4.866901
375515.982901	7646635.982901	57.932118	10747.530478	3.847706
375523.053969	7646636.946031	57.559696	10754.666837	3.823061
375530.176829	7646640.0	56.937381	10762.416796	4.321431
375540.176829	7646640.0	56.218433	10772.416796	3.739784
375550.176829	7646640.0	55.630131	10782.416796	5.038747
375560.176829	7646640.0	54.455082	10792.416796	5.980035
375570.152689	7646639.910811	53.537641	10802.393055	4.968413
375579.157867	7646635.696422	52.723528	10812.335604	3.828477
375588.660587	7646636.108109	52.235823	10821.847238	2.55776
375593.988008	7646643.988008	51.873758	10831.359032	2.865585
375599.993868	7646651.913853	51.261963	10841.303345	5.652897
375608.350072	7646655.0	50.007765	10850.211233	8.745883
375618.350072	7646655.0	48.353239	10860.211233	9.731865
375627.745235	7646658.066478	46.597833	10870.094166	9.734699
375637.081722	7646658.122026	45.056093	10879.430818	9.571838
375646.679614	7646659.190428	43.394966	10889.087992	11.516602
375655.665623	7646655.093602	41.076281	10898.963838	17.800146
375664.961715	7646651.438796	37.01729	10908.952579	26.757025
375670.798532	7646645.089321	31.691829	10917.57721	23.013161
375676.220589	7646636.946725	29.199122	10927.359878	9.322768
375684.970934	7646633.947009	28.567399	10936.610111	4.16719
375690.0	7646626.908723	27.894928	10945.260486	3.932703
375696.069891	7646620.432956	27.362572	10954.136247	3.979449
375705.0	7646619.132086	26.649718	10963.160609	4.320402
375705.0	7646609.132086	25.925353	10973.160609	2.058695
375705.613708	7646599.386292	25.939253	10982.925707	0.491032
375713.795877	7646595.085798	25.762448	10992.169198	3.244549
375723.660108	7646595.304479	24.855956	11002.035853	4.629812
375731.000471	7646598.999529	24.297969	11010.25378	4.8725
375739.343812	7646595.0	23.366709	11019.506216	5.155576
375746.998854	7646589.82445	22.62949	11028.74667	4.76201
375756.244175	7646588.755825	21.821676	11038.053544	4.902629
375764.275326	7646586.924384	21.124655	11046.290872	7.065525
375773.530275	7646590.0	19.591968	11056.043486	11.145111
375783.389879	7646589.014322	17.251287	11065.952237	10.130814
375792.399041	7646588.496222	16.209119	11074.976285	6.304636
375801.141529	7646589.300709	15.284366	11083.75571	7.397443
375808.933229	7646586.066771	13.974051	11092.191878	10.294792
375817.876556	7646581.976854	11.965902	11102.026029	9.335338
375826.147619	7646586.96641	10.769591	11111.685541	7.580506
375834.69388	7646591.096701	9.417254	11121.177531	11.568272
375844.46031	7646590.0	6.815073	11131.005344	10.454136
375853.774443	7646593.324402	5.779275	11140.894971	8.831194
375863.427244	7646594.085037	3.774292	11150.577694	9.763103
375873.263251	7646595.0	2.413542	11160.456166	5.653239
375882.91549	7646597.244524	1.81553	11170.365939	5.472285
375890.0	7646602.11416	0.640657	11178.962661	1.4e-05
