x	y	z	L	slope
365034.5	7651850.5	2230.070312	0.0	6.449154
365034.459433	7651855.499835	2229.505146	5.0	6.340961
365034.393043	7651860.49574	2228.959505	9.996345	6.766495
365031.898302	7651864.824195	2228.319601	14.992269	6.820423
365029.304651	7651869.037332	2227.770266	19.939748	5.726601
365027.652422	7651873.744163	2227.323239	24.928147	4.4865
365025.384096	7651878.195966	2226.986837	29.924531	4.247631
365024.5	7651882.9983	2226.589504	34.807566	4.699295
365024.5	7651887.9983	2226.17445	39.807566	4.425795
365024.5	7651892.9983	2225.81554	44.807566	3.701999
365024.571747	7651897.997269	2225.527482	49.807051	2.968283
365024.71683	7651902.995164	2225.297055	54.80705	3.014462
365026.006603	7651907.693369	2225.007627	59.679077	4.039335
365028.361283	7651912.096152	2224.600447	64.671974	5.43239
365029.801966	7651916.796801	2224.065292	69.588443	6.317154
365030.496998	7651921.734541	2223.50419	74.574859	5.666523
365032.371563	7651926.369426	2223.074476	79.574474	4.358167
365034.721655	7651930.737701	2222.745152	84.534793	4.905081
365035.555747	7651935.663904	2222.220027	89.531109	6.447316
365035.254862	7651940.63578	2221.617709	94.512082	6.076986
365034.5	7651945.560554	2221.15934	99.494372	3.814313
365034.542818	7651950.542818	2220.953371	104.47682	1.181067
365038.078352	7651954.078352	2220.953544	109.47682	0.42913
365042.489486	7651955.5	2220.881212	114.111385	1.014073
365046.613886	7651957.613886	2220.789478	118.745949	1.083184
365049.64189	7651961.407392	2220.701817	123.599762	1.980611
365050.71536	7651966.251031	2220.450067	128.560928	3.468332
365049.785784	7651970.692505	2220.126127	133.098638	3.640318
365049.5	7651975.512437	2219.854202	137.927035	2.266534
365049.503227	7651980.512011	2219.737156	142.92661	2.136888
365050.800469	7651985.340796	2219.481098	147.92661	3.990386
365052.47691	7651990.016824	2219.041864	152.894073	5.860592
365054.769554	7651994.439478	2218.459911	157.875647	6.826407
365055.16221	7651999.375233	2217.852827	162.826997	6.591426
365054.985325	7652004.372057	2217.310049	167.82695	6.313204
365056.516093	7652008.989982	2216.761454	172.691977	6.196635
365059.080424	7652013.270871	2216.24005	177.682148	5.578037
365059.5	7652018.135446	2215.797266	182.564784	4.819136
365061.363542	7652022.363542	2215.438872	187.185345	4.11287
365064.809894	7652025.971687	2215.106253	192.174939	4.204432
365067.625692	7652030.102051	2214.70461	197.173802	5.068851
365071.176233	7652033.596792	2214.220987	202.155725	5.00707
365074.667064	7652037.167761	2213.830636	207.149493	4.754742
365078.928039	7652039.783663	2213.38977	212.149378	4.972037
365081.536637	7652043.946501	2212.968302	217.062016	4.09191
365084.5	7652047.247307	2212.721008	221.497874	2.472713
365085.735533	7652051.735533	2212.575728	226.153055	1.723205
365089.271067	7652055.271067	2212.430544	231.153055	1.462198
365090.858322	7652059.943041	2212.322157	236.087294	1.688032
365094.870036	7652062.844215	2212.139237	241.038119	2.563011
365099.134957	7652065.428473	2211.877335	246.024896	3.405629
365104.060318	7652066.177017	2211.546022	251.006813	3.973913
365107.799582	7652069.450362	2211.186031	255.976409	3.650712
365110.069698	7652073.59097	2210.927679	260.698491	2.663293
365111.233649	7652078.452316	2210.733863	265.697238	2.11987
365112.897319	7652083.156572	2210.557959	270.687009	2.356809
365115.072519	7652087.580768	2210.325604	275.61702	3.145313
365116.57127	7652092.346854	2210.012518	280.613201	4.135871
365116.933545	7652097.315738	2209.604096	285.595275	5.926546
365115.742845	7652102.14524	2208.979014	290.569393	7.139389
365114.791358	7652106.984486	2208.363356	295.501293	6.370463
365115.193558	7652111.968189	2207.870201	300.501198	5.311568
365115.80819	7652116.922278	2207.434422	305.493269	5.308732
365116.882203	7652121.805547	2206.941758	310.493251	5.595906
365117.563429	7652126.754852	2206.45506	315.489218	5.584567
365117.430853	7652131.714053	2205.968208	320.450191	5.002491
365116.85826	7652136.679061	2205.58336	325.448107	3.260888
365119.512027	7652140.512027	2205.417853	330.110094	1.607599
365123.047561	7652144.047561	2205.312202	335.110094	1.077367
365124.5	7652148.445942	2205.236721	339.742083	1.697464
365126.168533	7652152.927874	2205.033213	344.524522	3.446398
365128.832773	7652157.151199	2204.647999	349.517983	5.667637
365131.333831	7652161.478404	2204.041662	354.515982	7.011777
365134.188044	7652165.578964	2203.418827	359.512093	7.163959
365138.059816	7652168.741102	2202.785414	364.511066	6.559472
365141.718203	7652172.116282	2202.271693	369.488579	4.791842
365145.377374	7652175.517283	2201.9494	374.484211	3.446262
365149.951442	7652177.493706	2201.670797	379.467016	3.368537
365154.225298	7652180.08603	2201.361913	384.465615	3.736865
365157.181858	7652184.040732	2201.021844	389.403319	4.091563
365159.622639	7652188.390328	2200.651947	394.390943	5.534348
365162.44079	7652192.496952	2200.056011	399.371539	8.484103
365164.673955	7652196.957082	2199.165007	404.359503	9.867661
365166.24732	7652201.677456	2198.322923	409.335185	7.847881
365166.945585	7652206.524924	2197.804183	414.232686	4.606101
365166.632997	7652211.504216	2197.52643	419.22178	3.188614
365166.481099	7652216.50119	2197.247754	424.221062	3.622678
365166.302546	7652221.497445	2196.893409	429.220507	4.213204
365165.537657	7652226.433544	2196.511513	434.215517	4.593231
365164.99443	7652231.378532	2196.092472	439.190253	5.24857
365166.056055	7652236.258232	2195.595807	444.184102	5.308569
365168.182361	7652240.701059	2195.170819	449.109534	4.190188
365171.356047	7652244.423641	2194.876585	454.001354	2.913799
365175.401321	7652247.212752	2194.671745	458.914945	2.739605
365179.839423	7652249.50021	2194.402556	463.907862	3.373975
365184.561316	7652250.788119	2194.088856	468.802245	3.85098
365188.180209	7652254.180209	2193.739234	473.762351	4.420294
365191.755596	7652257.675159	2193.318956	478.762158	3.550791
365194.991711	7652260.868999	2193.146864	483.308921	1.154677
365194.818361	7652265.5	2193.133912	487.943165	-0.092537
365194.5	7652270.181639	2193.161926	492.635616	0.578689
365194.5	7652275.181639	2193.036018	497.635616	2.759877
365194.5	7652280.181639	2192.679878	502.635616	4.547583
365193.663754	7652285.106347	2192.241049	507.63082	4.942665
365192.694722	7652290.010766	2191.815581	512.630055	4.805012
365191.661264	7652294.902147	2191.400587	517.629419	4.882785
365190.867613	7652299.837643	2190.961479	522.628319	5.43578
365190.31124	7652304.805257	2190.449267	527.626993	6.343668
365189.33693	7652309.698708	2189.851101	532.616496	6.458537
365188.519285	7652314.629614	2189.318662	537.614734	4.83532
365187.257206	7652319.451466	2189.006672	542.599019	2.900202
365187.387349	7652324.247539	2188.823101	547.396858	1.832991
365189.5	7652327.917081	2188.71763	551.631103	1.131632
365189.5	7652332.917081	2188.6407	556.631103	1.015675
365191.209134	7652337.209134	2188.547088	561.250936	1.606029
365194.714662	7652340.771376	2188.37105	566.248765	3.053052
365197.79562	7652344.709197	2188.013863	571.248638	4.267188
365201.468828	7652347.862623	2187.63679	576.089769	2.678414
365201.358784	7652352.543317	2187.568373	580.771756	0.645941
365204.654974	7652355.5	2187.534085	585.199718	0.135687
365209.609583	7652355.609583	2187.546151	590.155539	-0.025729
365213.145117	7652359.145117	2187.538555	595.155539	0.392664
365217.583906	7652360.5	2187.48008	599.796504	1.48041
365222.583906	7652360.5	2187.289404	604.796504	2.308082
365227.583906	7652360.5	2187.077037	609.796504	2.481927
365231.680651	7652362.680651	2186.871529	614.437469	2.605572
365235.422442	7652365.91826	2186.640682	619.385511	3.154248
365240.031263	7652367.849391	2186.323495	624.382559	3.471216
365244.508609	7652369.972222	2186.037018	629.337662	3.631598
365249.25717	7652371.252225	2185.69688	634.255714	4.522502
365254.067945	7652372.605419	2185.252755	639.253182	3.921184
365255.586817	7652377.004579	2185.035345	643.907167	1.473706
365254.5	7652380.884906	2185.02936	647.936821	1.424732
365254.5	7652385.884906	2184.810771	652.936821	3.178215
365254.5	7652390.884906	2184.474104	657.936821	3.611231
365254.5	7652395.884906	2184.179675	662.936821	2.911677
365254.77217	7652400.77217	2183.970846	667.831658	2.372503
365258.307704	7652404.307704	2183.769728	672.831658	1.956985
365262.813839	7652405.5	2183.640741	677.492861	1.455197
365264.5	7652408.813839	2183.55687	681.211015	1.069078
365266.843238	7652412.843238	2183.484377	685.872219	0.691824
365270.378772	7652416.378772	2183.440212	690.872219	0.077977
365273.914306	7652419.914306	2183.470768	695.872219	0.007319
365274.5	7652424.671703	2183.438961	700.665534	0.507565
365278.009147	7652427.75588	2183.38692	705.337392	0.434213
365279.602681	7652431.424125	2183.373247	709.336813	-0.040513
365280.133439	7652436.395662	2183.393283	714.336602	-0.281908
365279.85795	7652440.85795	2183.419843	718.807386	0.077439
365283.393484	7652444.393484	2183.380483	723.807386	0.204743
365287.93515	7652445.5	2183.385273	728.481903	-0.034962
365291.929018	7652447.929018	2183.386187	733.15642	0.107706
365295.864082	7652450.5	2183.36765	737.856917	0.62507
365300.464552	7652451.464552	2183.283626	742.557415	1.665411
365304.000086	7652455.000086	2183.085615	747.557415	1.651275
365304.794993	7652459.782867	2182.999723	752.405804	1.23027
365309.178175	7652460.5	2182.886116	756.847264	0.738899
365314.178175	7652460.5	2182.877961	761.847264	-0.025507
365317.807969	7652457.192031	2182.890528	766.758279	0.423693
365322.107107	7652455.5	2182.807481	771.378404	1.432022
365326.343503	7652457.343503	2182.659541	775.998529	1.59538
365329.958805	7652460.777194	2182.539939	780.984573	1.298463
365334.033339	7652463.641146	2182.433646	785.96494	2.25123
365338.180747	7652466.182547	2182.152948	790.829065	4.00346
365342.892206	7652467.849249	2181.743471	795.826638	4.804541
365346.471561	7652471.051259	2181.329249	800.629205	3.913394
365349.1783	7652475.1783	2181.07733	805.564679	2.935181
365354.045047	7652475.5	2180.826126	810.442047	3.046955
365357.713834	7652478.713834	2180.558105	815.319416	3.588122
365361.923034	7652480.999481	2180.219953	820.10915	5.422936
365366.560815	7652482.757282	2179.632599	825.068875	6.982116
365370.956051	7652485.124238	2179.001218	830.060927	6.37826
365374.438587	7652488.566836	2178.527209	834.957818	5.850795
365378.519726	7652491.433486	2177.988392	839.945139	6.858782
365382.20469	7652494.810851	2177.326109	844.943695	7.225169
365386.821963	7652496.393633	2176.735939	849.82472	7.728917
365391.474209	7652498.098253	2175.991251	854.779427	8.272123
365395.130785	7652501.39578	2175.299765	859.703271	6.81789
365398.248497	7652505.292803	2174.80591	864.693954	5.028496
365402.860357	7652507.145554	2174.423343	869.664058	5.472556
365407.076251	7652509.831902	2173.85084	874.663081	6.779505
365411.237703	7652512.506056	2173.241043	879.609674	6.420255
365415.057399	7652515.610948	2172.740351	884.532115	5.086048
365419.986284	7652516.304854	2172.359954	889.509606	4.79367
365424.5	7652518.316472	2171.908543	894.45129	4.044473
365427.315866	7652520.558383	2171.756063	898.050633	2.14024
365432.314655	7652520.668316	2171.587181	903.05063	2.179464
365437.225657	7652520.5	2171.37878	907.964516	3.177995
365442.225657	7652520.5	2171.036744	912.964516	3.906915
365447.225657	7652520.5	2170.695856	917.964516	3.405928
365452.21338	7652520.241583	2170.441947	922.958928	3.199753
365457.202331	7652519.96221	2170.137322	927.955696	5.120403
365462.067234	7652519.000208	2169.549861	932.914802	7.566857
365466.913047	7652517.775013	2168.814621	937.913101	7.497913
365471.890532	7652517.30182	2168.23398	942.913028	6.27301
365476.871831	7652517.233838	2167.717424	947.894792	5.771702
365481.693108	7652518.473967	2167.227281	952.873007	5.286309
365485.909774	7652521.108032	2166.796817	957.844784	5.034319
365489.967692	7652523.839406	2166.358426	962.736318	4.354062
365494.070756	7652525.5	2166.087379	967.162683	3.486045
365498.470914	7652527.76355	2165.787359	972.11092	2.59181
365501.165623	7652530.5	2165.689554	975.951443	0.796054
365506.165623	7652530.5	2165.664527	980.951443	0.458844
365510.554172	7652531.789582	2165.612882	985.525542	2.567327
365513.793769	7652535.521538	2165.237858	990.467453	4.341056
365517.421392	7652538.760698	2164.86858	995.330765	4.158332
365520.892185	7652539.107815	2164.630692	998.818872	1.838258
365524.427719	7652535.572281	2164.596165	1003.818872	1.664265
365529.397779	7652535.5	2164.341004	1008.789458	1.860376
365534.397779	7652535.5	2164.272319	1013.789458	1.344693
365537.963253	7652538.963253	2164.106965	1018.760044	1.520343
365539.5	7652543.326711	2164.017617	1023.386204	0.731253
365541.498787	7652547.498787	2163.988877	1028.012365	0.354051
365544.898498	7652551.142025	2163.958239	1032.995459	0.659603
365547.475263	7652555.426142	2163.873955	1037.994796	1.21826
365552.43257	7652555.5	2163.746497	1042.952653	2.685939
365556.57364	7652557.57364	2163.424116	1047.5839	4.828277
365560.074798	7652561.141712	2162.933067	1052.582823	6.416588
365563.268391	7652564.983787	2162.300103	1057.57888	4.836128
365568.012638	7652565.5	2162.10662	1062.351129	1.735139
365571.98381	7652567.98381	2162.013653	1067.035093	1.237518
365575.711827	7652571.280769	2161.897935	1072.011844	2.56391
365579.676483	7652574.235415	2161.569405	1076.956379	4.396848
365582.216052	7652578.531579	2161.134037	1081.947014	4.119593
365584.5	7652582.808839	2160.86074	1086.795867	3.171327
365586.132596	7652587.132596	2160.60932	1091.417581	3.28852
365589.606411	7652590.712631	2160.308573	1096.405971	3.688974
365591.579425	7652595.286604	2159.96655	1101.387338	3.23085
365594.661562	7652599.199622	2159.746221	1106.368431	1.658341
365598.962738	7652600.5	2159.692255	1110.861881	0.900972
365603.962738	7652600.5	2159.596929	1115.861881	1.966826
365608.962738	7652600.5	2159.348855	1120.861881	3.810481
365613.962738	7652600.5	2158.930912	1125.861881	4.845432
365618.962738	7652600.5	2158.50117	1130.861881	4.064271
365623.962738	7652600.5	2158.220392	1135.861881	3.093699
365627.655633	7652603.655633	2157.968409	1140.7194	3.178841
365631.883314	7652605.699758	2157.689826	1145.415327	3.710556
365636.779543	7652606.600284	2157.34103	1150.393681	4.104747
365641.459933	7652608.322735	2156.974672	1155.380954	3.48268
365645.247931	7652610.002938	2156.78533	1159.524866	1.897397
365648.634149	7652606.365851	2156.672776	1164.49426	1.942823
365652.247898	7652602.910949	2156.447177	1169.493813	3.79107
365655.715293	7652599.314224	2156.010462	1174.489737	4.198767
365658.969124	7652595.518004	2155.713369	1179.489607	2.957688
365663.667779	7652593.817976	2155.493979	1184.486352	2.738269
365668.148704	7652591.612247	2155.235525	1189.480741	3.150765
365669.592835	7652587.775566	2154.993407	1193.580209	1.910717
365669.5	7652582.965791	2154.938286	1198.39088	0.615869
365671.291957	7652578.708043	2154.892042	1203.010352	0.971913
365674.963142	7652575.5	2154.777214	1207.885713	1.284688
365679.963142	7652575.5	2154.670585	1212.885713	1.582979
365684.955232	7652575.585226	2154.501068	1217.878531	2.707327
365689.841366	7652576.594348	2154.198578	1222.867782	3.228385
365694.5	7652577.976721	2153.945564	1227.727188	2.628543
365696.251306	7652578.748694	2153.887631	1229.641089	1.326014
365699.903604	7652575.459272	2153.787492	1234.556327	3.101097
365704.75314	7652574.597418	2153.354501	1239.481852	6.2877
365708.591287	7652571.408713	2152.695005	1244.471763	7.207679
365711.159883	7652567.176574	2152.097404	1249.422388	4.773616
365711.992015	7652562.249077	2151.864294	1254.419654	1.436044
365715.161382	7652559.838618	2151.872313	1258.401512	0.290239
365718.696916	7652556.303084	2151.818797	1263.401512	1.684708
365723.169924	7652554.289953	2151.58099	1268.306663	2.962479
365727.100816	7652551.312533	2151.309768	1273.237884	2.222091
365730.836806	7652548.146133	2151.199631	1278.1352	0.816847
365734.612471	7652545.314925	2151.172663	1282.854457	0.142199
365738.179737	7652541.820263	2151.175526	1287.848258	0.050223
365742.632866	7652540.5	2151.164214	1292.492981	0.129788
365747.632866	7652540.5	2151.153679	1297.492981	-0.017829
365751.715271	7652542.715271	2151.167215	1302.137704	-0.142154
365755.561798	7652545.5	2151.176984	1306.88644	0.164347
365759.588178	7652546.55813	2151.141653	1311.049537	0.201165
365759.966347	7652551.543285	2151.144815	1316.049014	-0.044151
365760.99724	7652556.270496	2151.149234	1320.887327	0.108325
365764.150657	7652560.150657	2151.126215	1325.887295	-0.014445
365764.997599	7652564.978395	2151.15173	1330.788761	0.015093
365768.716124	7652568.280337	2151.123614	1335.761713	0.097121
365771.910407	7652570.5	2151.136707	1339.651487	-0.497534
365776.910407	7652570.5	2151.200809	1344.651487	-0.22615
365781.204415	7652572.204415	2151.174677	1349.271394	1.065457
365784.524308	7652575.838468	2151.023351	1354.193591	1.92533
365784.84887	7652580.827179	2150.841167	1359.192849	2.412525
365784.553713	7652585.80675	2150.602573	1364.18116	3.430669
365785.204063	7652590.76302	2150.242479	1369.179917	4.333988
365786.846172	7652595.412007	2149.850089	1374.110394	4.076384
365789.5	7652598.854806	2149.58133	1378.457308	3.085341
365791.742147	7652602.995497	2149.361989	1383.166081	2.63344
365794.5	7652607.03013	2149.139984	1388.053209	3.034817
365794.5	7652612.03013	2148.837817	1393.053209	4.212367
365795.328346	7652616.786523	2148.41615	1397.881193	5.551272
365798.056607	7652620.975975	2147.88269	1402.880684	6.502104
365799.62415	7652625.475115	2147.303366	1407.645079	6.292603
365800.126244	7652630.441796	2146.806882	1412.637074	5.438255
365803.271833	7652634.271833	2146.356311	1417.593274	4.459475
365804.5	7652638.763109	2146.057234	1422.249448	3.946433
365805.513892	7652643.601597	2145.694069	1427.193024	4.598509
365807.743636	7652648.030009	2145.260849	1432.151107	4.29034
365809.5	7652652.408532	2144.968208	1436.868763	3.760659
365809.5	7652657.408532	2144.622123	1441.868763	3.910172
365809.5	7652662.408532	2144.284713	1446.868763	3.774399
365811.408532	7652665.5	2144.052602	1450.501898	2.620974
365815.849536	7652666.849536	2143.905939	1455.143424	1.168941
365819.38507	7652670.38507	2143.855875	1460.143424	0.577629
365824.337464	7652670.5	2143.80559	1465.097152	2.102718
365827.920604	7652673.920604	2143.492126	1470.050879	3.932819
365830.250591	7652678.162623	2143.132319	1474.89067	5.280923
365832.986813	7652682.235678	2142.591262	1479.79747	7.40583
365836.238666	7652685.980805	2141.849877	1484.757361	8.768706
365840.073479	7652689.130687	2141.060771	1489.719976	8.197617
365843.332396	7652692.918419	2140.415177	1494.716721	7.120749
365845.983348	7652696.9931	2139.829319	1499.577849	6.500198
365849.5	7652700.536229	2139.292547	1504.569903	4.345577
365849.5	7652705.536229	2139.070042	1509.569903	1.682905
365849.525618	7652710.525618	2138.999059	1514.559358	0.765547
365853.061152	7652714.061152	2138.936566	1519.559358	0.460969
365854.5	7652718.465161	2138.921557	1524.192454	0.115672
365856.596685	7652722.596685	2138.917859	1528.825551	0.077307
365859.5	7652726.394093	2138.908857	1533.60567	0.108184
365860.394093	7652730.5	2138.900899	1537.807797	1.057998
365865.394093	7652730.5	2138.73892	1542.807797	1.011315
365870.394093	7652730.5	2138.724378	1547.807797	1.009471
365875.394093	7652730.5	2138.562721	1552.807797	2.927874
365880.388302	7652730.601595	2138.213181	1557.80304	4.182652
365885.353475	7652731.189153	2137.831794	1562.802856	3.943939
365890.215165	7652732.248242	2137.525452	1567.778567	3.729261
365894.687311	7652734.434154	2137.183045	1572.756348	4.373239
365899.26213	7652736.393572	2136.76419	1577.733123	4.571494
365903.636078	7652738.79024	2136.386349	1582.720651	3.851402
365908.002106	7652741.191746	2136.092989	1587.703565	2.935502
365912.218979	7652743.853283	2135.875139	1592.690126	3.013668
365915.302512	7652747.504938	2135.578855	1597.469536	4.451786
365917.753648	7652751.836626	2135.115568	1602.446643	6.204562
365920.522922	7652755.976636	2134.496308	1607.427462	7.425936
365924.046697	7652759.52389	2133.81473	1612.427462	7.198215
365926.948022	7652763.570123	2133.236031	1617.406387	6.573742
365929.494163	7652767.851459	2132.66696	1622.387618	8.307452
365930.815253	7652772.653062	2131.78156	1627.367646	8.56199
365933.463254	7652775.713825	2131.307879	1631.414889	4.327913
365934.5	7652779.779308	2131.157758	1635.610482	1.58777
365937.525928	7652783.525928	2131.058097	1640.426435	1.65195
365940.369869	7652787.529693	2130.877241	1645.337456	3.268698
365941.974707	7652792.237521	2130.493574	1650.311303	5.892079
365943.339754	7652797.038978	2129.848822	1655.30303	8.500302
365944.5	7652801.772869	2129.019121	1660.177032	9.801879
365944.71784	7652806.75409	2128.145425	1665.163014	10.594817
365945.598898	7652811.675637	2127.151326	1670.162803	11.081796
365946.261045	7652816.620655	2126.189028	1675.151955	8.58942
365944.478778	7652821.156154	2125.661706	1680.025067	6.303188
365943.525173	7652825.992262	2125.106319	1684.954298	5.951022
365940.499367	7652829.962291	2124.627584	1689.945954	6.098849
365938.253276	7652834.398704	2124.041682	1694.918547	6.46894
365935.79488	7652838.739841	2123.498118	1699.907453	5.127251
365933.250667	7652843.039912	2123.14576	1704.903815	3.540627
365930.745852	7652847.367149	2122.879623	1709.903722	3.643627
365928.41534	7652851.58466	2122.520546	1714.7223	4.906209
365924.879806	7652855.120194	2122.036827	1719.7223	3.720358
365920.038215	7652855.598574	2121.879093	1724.587467	1.353945
365916.339797	7652858.660203	2121.808366	1729.388703	1.308525
365914.5	7652862.898135	2121.663898	1734.008759	0.838483
365912.124426	7652865.828172	2121.685548	1737.780823	0.180653
365909.5	7652868.541372	2121.640103	1741.555617	1.509873
365907.349425	7652872.650575	2121.463809	1746.19356	1.725615
365904.5	7652876.470304	2121.356818	1750.959015	3.22405
365904.008874	7652881.336831	2120.919866	1755.850261	4.826603
365901.414762	7652885.584397	2120.523562	1760.827332	4.009577
365899.5	7652889.541891	2120.262856	1765.223702	4.540425
365899.5	7652894.541891	2119.777403	1770.223702	4.648008
365897.44325	7652898.979464	2119.458723	1775.114742	3.797079
365895.055796	7652903.360961	2119.121648	1780.104477	5.02988
365894.5	7652908.204121	2118.590517	1784.979424	5.227882
365892.628046	7652912.451424	2118.250937	1789.620953	3.138523
365889.5	7652916.196842	2118.068453	1794.500792	2.907627
365889.5	7652921.196842	2117.749142	1799.500792	3.83012
365889.007258	7652925.992742	2117.410967	1804.321938	5.164702
365885.471724	7652929.528276	2116.861475	1809.321938	6.989564
365883.19337	7652933.882153	2116.195553	1814.235913	6.149049
365880.383148	7652937.831811	2115.809865	1819.083298	3.794256
365878.112312	7652941.887688	2115.565824	1823.731613	2.652998
365874.576778	7652945.423222	2115.362807	1828.731613	3.135003
365872.238629	7652949.833243	2115.018597	1833.723129	3.896484
365869.371794	7652953.88201	2114.684948	1838.684102	3.187781
365869.411008	7652958.822158	2114.467164	1843.624406	1.951599
365873.127324	7652961.423462	2114.362043	1848.160681	1.908468
365877.497426	7652963.825552	2114.149853	1853.147446	3.272857
365880.718816	7652967.526907	2113.796299	1858.054317	4.428658
365883.597141	7652971.608602	2113.383025	1863.048813	4.708155
365885.06231	7652976.06231	2112.998846	1867.737335	4.240808
365888.597844	7652979.597844	2112.664628	1872.737335	3.654161
365890.445258	7652984.1022	2112.368626	1877.605822	3.566609
365892.6306	7652988.585927	2112.050299	1882.59376	3.455766
365895.034805	7652992.879803	2111.770257	1887.514895	3.861147
365896.840892	7652997.520729	2111.382074	1892.494869	4.25495
365899.5	7653001.531816	2111.041725	1897.307319	3.646921
365900.131745	7653006.315808	2110.767797	1902.132843	3.807087
365903.193068	7653010.269073	2110.387913	1907.132843	4.46539
365905.66833	7653014.59312	2109.988256	1912.115243	5.282671
365907.938168	7653019.037304	2109.465845	1917.105527	6.411715
365909.834331	7653023.420215	2108.890859	1921.881021	5.892971
365910.238416	7653028.400434	2108.45724	1926.877606	4.604341
365910.499507	7653033.393347	2108.085835	1931.877342	4.635187
365910.280717	7653038.381426	2107.647101	1936.870217	5.27611
365909.73959	7653043.351911	2107.163068	1941.87007	5.638068
365909.79603	7653048.323025	2106.662748	1946.841505	6.053916
365911.559206	7653052.897406	2106.11592	1951.743928	6.266799
365914.265048	7653057.101319	2105.575411	1956.743374	5.780377
365917.410043	7653060.983113	2105.104115	1961.739305	5.393449
365920.27118	7653065.001124	2104.638062	1966.671902	5.207752
365923.681126	7653068.608339	2104.202145	1971.635745	3.535103
365924.5	7653073.259878	2104.039646	1976.358812	1.80797
365924.5	7653078.259878	2103.89524	1981.358812	1.683577
365924.5	7653083.259878	2103.74573	1986.358812	1.676187
365926.451528	7653087.451528	2103.613628	1990.98249	1.59832
365929.5	7653091.18881	2103.482148	1995.805399	1.851089
365929.5	7653096.18881	2103.296172	2000.805399	2.619055
365929.296427	7653101.158041	2103.025948	2005.778798	3.016037
365927.79921	7653105.928168	2102.770727	2010.778375	2.404565
365926.002506	7653110.585453	2102.606399	2015.770213	1.381243
365924.5	7653115.009052	2102.537725	2020.442017	0.825662
365924.5	7653120.009052	2102.467018	2025.442017	0.790896
365924.5	7653125.009052	2102.399683	2030.442017	0.886625
365924.5	7653130.009052	2102.312265	2035.442017	1.016683
365924.5	7653135.009052	2102.222225	2040.442017	0.671264
365924.5	7653140.009052	2102.195105	2045.442017	0.296457
365927.688381	7653143.688381	2102.171164	2050.310614	0.302928
365931.562353	7653146.800179	2102.143094	2055.279613	0.355154
365935.387656	7653149.980403	2102.109528	2060.254225	0.465508
365938.683649	7653153.73963	2102.062058	2065.253761	0.645471
365942.182175	7653157.176309	2101.997956	2070.157886	1.206725
365944.754135	7653161.443226	2101.853816	2075.14001	1.976676
365946.993223	7653165.88473	2101.654349	2080.11399	2.140597
365949.205262	7653170.349793	2101.481658	2085.096951	1.309068
365949.5	7653175.131062	2101.431021	2089.887296	0.240254
365949.5	7653180.131062	2101.440606	2094.887296	0.033872
365954.089838	7653181.116545	2101.42529	2099.581738	0.025068
365959.017588	7653181.541454	2101.436388	2104.527774	1.134924
365962.687057	7653184.924682	2101.228433	2109.51889	2.507415
365967.169957	7653183.988446	2101.017292	2114.098511	2.18694
365970.25287	7653180.5	2100.875775	2118.754003	2.215659
365975.25287	7653180.5	2100.643733	2123.754003	2.949316
365980.219577	7653180.721408	2100.362043	2128.725643	3.104525
365984.5	7653182.559996	2100.121432	2133.384229	1.346857
365984.5	7653187.559996	2100.134963	2138.384229	-0.415024
365984.5	7653192.559996	2100.193866	2143.384229	0.12774
365985.956637	7653196.956637	2100.11349	2148.015886	2.306969
365989.492171	7653200.492171	2099.805857	2153.015886	4.463982
365994.332174	7653201.712497	2099.333486	2158.007361	5.133323
365999.141039	7653202.938767	2098.911657	2162.970114	3.277438
366001.626814	7653205.5	2098.844924	2166.539287	0.721443
366006.626814	7653205.5	2098.803755	2171.539287	0.630158
366011.626814	7653205.5	2098.734939	2176.539287	1.577994
366016.626814	7653205.5	2098.528281	2181.539287	2.905433
366021.626814	7653205.5	2098.227426	2186.539287	3.42342
366026.626814	7653205.5	2097.930088	2191.539287	3.811922
366031.53538	7653206.116901	2097.564675	2196.486466	5.171433
366036.31762	7653207.576361	2097.029852	2201.486451	6.148867
366040.661059	7653209.768693	2096.501894	2206.351816	4.904837
366045.102779	7653211.102779	2096.214364	2210.98956	2.898489
366048.638313	7653214.638313	2096.013936	2215.98956	2.79392
366051.621452	7653218.629304	2095.727206	2220.972242	3.164369
366055.722876	7653220.699537	2095.48449	2225.566537	2.738369
366060.14434	7653222.458102	2095.279882	2230.324887	2.787335
366063.671527	7653225.943148	2095.011424	2235.283374	3.686306
366068.146328	7653228.117879	2094.639898	2240.258643	4.900076
366072.464058	7653230.551161	2094.160011	2245.214816	5.360856
366074.5	7653234.714203	2093.739976	2249.849035	6.55201
366076.169707	7653239.369314	2093.059763	2254.794535	8.68557
366077.992518	7653244.022002	2092.221165	2259.79155	9.957618
366079.5	7653248.622384	2091.332597	2264.632625	9.150892
366081.707859	7653252.707859	2090.693323	2269.276519	7.139466
366085.132418	7653256.33983	2090.125694	2274.268394	6.748669
366088.187586	7653260.297393	2089.51102	2279.268029	7.887192
366091.491169	7653264.048023	2088.740714	2284.266118	8.721284
366095.201041	7653267.142843	2088.003227	2289.097376	6.694223
366097.051318	7653271.7067	2087.595688	2294.022041	2.897917
366099.857967	7653275.5	2087.51508	2298.740769	0.660699
366104.753121	7653275.753121	2087.48475	2303.642463	0.520138
366108.288655	7653279.288655	2087.425191	2308.642463	0.519245
366111.377031	7653283.198233	2087.394285	2313.624719	0.271022
366114.295566	7653287.194302	2087.378218	2318.573093	0.67524
366118.728565	7653289.208976	2087.27858	2323.442425	1.912311
366123.253292	7653291.324467	2087.048878	2328.437267	2.954781
366127.255707	7653294.297809	2086.76342	2333.423258	3.132426
366129.5	7653298.211905	2086.529116	2337.935131	2.235038
366129.5	7653303.211905	2086.392197	2342.935131	1.430194
366130.622194	7653307.968828	2086.282264	2347.822628	1.146134
366131.931018	7653312.71396	2086.195942	2352.744955	2.039591
366133.209737	7653317.540739	2085.929154	2357.738242	3.546634
366135.166608	7653322.087392	2085.579686	2362.688131	4.50004
366137.87976	7653326.26189	2085.147772	2367.666848	4.840046
366141.042483	7653330.120595	2084.735663	2372.656079	4.171574
366145.148528	7653332.883106	2084.422943	2377.604924	3.732683
366149.747399	7653334.81627	2084.08736	2382.593585	4.34781
366154.55801	7653335.663561	2083.672301	2387.478243	4.314662
366159.452052	7653336.511429	2083.344101	2392.445185	3.042553
366161.134623	7653340.5	2083.178216	2396.774129	1.702975
366165.655853	7653341.655853	2083.076659	2401.440767	1.402895
366169.191387	7653345.191387	2082.941487	2406.440767	1.816693
366174.063555	7653345.5	2082.763234	2411.3227	2.637363
366177.726921	7653348.726921	2082.491745	2416.204632	3.330183
366180.286446	7653352.865163	2082.196046	2421.070454	3.729135
366183.626213	7653355.5	2081.897354	2425.324441	2.402757
366188.626213	7653355.5	2081.807755	2430.324441	1.970903
366192.417673	7653358.417673	2081.560669	2435.10858	3.265627
366196.533794	7653360.795467	2081.263571	2439.862143	4.049793
366201.466865	7653361.573284	2080.870559	2444.856158	5.067622
366206.4503	7653361.979938	2080.377348	2449.856157	5.992478
366211.340167	7653362.952264	2079.822387	2454.841758	6.771889
366215.838091	7653365.080608	2079.194483	2459.817817	7.318671
366220.20107	7653367.519158	2078.541388	2464.816028	7.760554
366224.737824	7653369.619384	2077.832046	2469.815337	8.735298
366229.543848	7653370.865664	2077.010399	2474.780323	9.180746
366234.543655	7653370.880327	2076.221583	2479.780151	8.349879
366239.54287	7653370.857731	2075.542842	2484.779416	6.912966
366244.5	7653370.998777	2075.014233	2489.738553	3.762708
366244.998777	7653375.5	2074.918877	2494.267327	1.735915
366249.998777	7653375.5	2074.725456	2499.267327	1.085307
366254.847135	7653375.858155	2074.73206	2504.128896	1.304908
366258.327002	7653379.448494	2074.500827	2509.128896	2.318512
366261.891293	7653382.891293	2074.328996	2514.084401	1.729666
366265.810731	7653385.5	2074.209015	2518.792623	1.15607
366270.426827	7653386.426827	2074.138978	2523.500844	1.280203
366273.962361	7653389.962361	2073.992067	2528.500844	2.320856
366277.84012	7653393.109061	2073.733951	2533.494715	3.64091
366280.54393	7653397.147065	2073.365092	2538.354351	5.609672
366282.661714	7653401.655923	2072.767376	2543.335798	7.504851
366284.638549	7653406.130755	2072.064412	2548.227831	7.092838
366284.756755	7653411.046948	2071.546801	2553.145446	4.378101
366284.87002	7653415.87002	2071.318572	2557.969848	2.134535
366288.405554	7653419.405554	2071.180638	2562.969848	1.825855
366292.347486	7653422.451831	2071.000381	2567.951678	3.463919
366296.414493	7653425.348389	2070.57687	2572.944732	6.07097
366300.746369	7653427.843663	2069.937674	2577.943886	7.711035
366304.866356	7653430.629073	2069.226639	2582.917094	7.698166
366308.999405	7653433.442951	2068.589608	2587.917094	6.33693
366312.930664	7653436.406939	2068.124642	2592.84051	5.237393
366317.495456	7653438.441528	2067.680215	2597.838198	5.236864
366321.967716	7653440.636455	2067.209985	2602.820046	5.196003
366326.868225	7653441.265906	2066.777911	2607.760816	5.156726
366331.84125	7653440.74887	2066.312916	2612.760645	5.527424
366336.774737	7653439.997966	2065.811173	2617.750951	5.298511
366341.656466	7653438.916904	2065.386433	2622.750949	4.056138
366346.079537	7653440.670453	2065.11924	2627.508941	4.101921
366350.620996	7653442.757368	2064.686806	2632.506947	5.21944
366354.828805	7653445.406561	2064.208486	2637.479258	5.387968
366358.062526	7653449.220087	2063.746287	2642.479251	4.857627
366360.375399	7653453.556914	2063.36588	2647.394275	4.503172
366362.039389	7653458.268485	2062.965682	2652.391049	5.252964
366363.717599	7653462.960344	2062.448378	2657.374014	8.175971
366364.931677	7653467.79699	2061.533343	2662.360709	12.276271
366365.97157	7653472.683339	2060.276243	2667.356485	13.786875
366367.689255	7653477.353144	2059.086612	2672.332179	10.538708
366369.5	7653481.842033	2058.450144	2677.172522	5.582845
366369.5	7653486.842033	2058.124761	2682.172522	2.593249
366369.5	7653491.842033	2057.99724	2687.172522	1.377161
366369.855554	7653496.794076	2057.885208	2692.137313	2.997726
366371.162803	7653501.62005	2057.475425	2697.137205	5.444418
366372.377397	7653506.443747	2056.934599	2702.111468	4.922477
366374.013559	7653511.093781	2056.622486	2707.040955	3.100222
366373.564236	7653516.073006	2056.396844	2712.040412	3.05529
366374.220632	7653520.837244	2056.098957	2716.849655	3.579506
366374.5	7653525.725105	2055.789755	2721.745493	3.376608
366374.5	7653530.725105	2055.515108	2726.745493	4.191192
366374.5	7653535.725105	2055.056968	2731.745493	6.808911
366374.5	7653540.725105	2054.321138	2736.745493	9.003434
366374.5	7653545.725105	2053.472557	2741.745493	8.830374
366374.5	7653550.725105	2052.767674	2746.745493	6.438276
366374.376241	7653555.688031	2052.348155	2751.709962	3.994759
366371.627313	7653559.86456	2052.071827	2756.709962	3.548401
366370.211816	7653564.615523	2051.730713	2761.667309	4.375417
366369.739114	7653569.524015	2051.315235	2766.59851	6.185545
366370.574951	7653574.452965	2050.65448	2771.597826	8.182418
366370.474157	7653579.358555	2049.890913	2776.504451	7.881312
366369.5	7653584.166245	2049.296253	2781.409843	4.921538
366366.907573	7653588.092427	2049.06341	2786.114689	2.09637
366363.136886	7653591.328559	2048.942154	2791.083657	2.261965
366359.418485	7653594.546872	2048.672904	2796.001384	5.641435
366357.549465	7653599.17307	2047.963538	2800.990868	5.6805
366354.5	7653602.750895	2047.709018	2805.691939	4.458008
366353.434933	7653607.482967	2047.218883	2810.54239	5.617948
366351.271345	7653611.978738	2046.741139	2815.531685	6.273106
366349.669982	7653616.714404	2046.120933	2820.530775	7.548981
366348.952421	7653621.549629	2045.430895	2825.418953	7.699729
366346.664528	7653625.994775	2044.78417	2830.418331	7.25708
366344.551826	7653630.526354	2044.157612	2835.418203	7.767216
366343.235259	7653635.348523	2043.420409	2840.416869	8.688165
366341.402519	7653639.985988	2042.631825	2845.403353	8.268735
366339.5	7653644.487951	2041.985502	2850.290811	7.171295
366339.5	7653649.487951	2041.387818	2855.290811	6.857394
366338.940583	7653654.448519	2040.78391	2860.282823	7.086278
366338.304459	7653659.404496	2040.146133	2865.279458	6.812862
366339.5	7653664.123505	2039.605401	2870.147554	5.291102
366339.5	7653669.123505	2039.23227	2875.147554	4.264408
366341.846757	7653673.260891	2038.877915	2879.904153	3.338729
366345.427231	7653676.427231	2038.675959	2884.683849	1.080938
366348.962765	7653679.962765	2038.693395	2889.683849	-0.148791
366349.5	7653684.740234	2038.701428	2894.491431	0.814385
366352.498298	7653688.498298	2038.556723	2899.299012	2.263459
366356.669167	7653690.5	2038.32856	2903.925344	3.123653
366361.669167	7653690.5	2038.03141	2908.925344	3.595112
366366.669167	7653690.5	2037.700289	2913.925344	4.121977
366371.650806	7653690.781631	2037.311516	2918.914939	4.645574
366376.618685	7653691.33667	2036.888669	2923.913727	5.89319
366381.500226	7653692.320389	2036.281572	2928.8934	8.186604
366386.310643	7653693.609794	2035.455845	2933.873629	7.651692
366390.837908	7653695.657269	2034.945	2938.842359	5.786682
366395.749319	7653696.535994	2034.446704	2943.83176	4.679485
366399.913155	7653695.913155	2034.191997	2948.041921	3.433584
366403.448688	7653699.448688	2033.894118	2953.041921	2.737507
366406.900456	7653703.065255	2033.71389	2958.041346	1.914307
366410.856148	7653705.5	2033.57178	2962.686287	1.706032
366415.458941	7653706.458941	2033.435513	2967.387912	1.74327
366418.994475	7653709.994475	2033.276518	2972.387912	1.985807
366423.781074	7653710.68523	2033.094476	2977.224096	3.357889
366427.651482	7653713.651482	2032.706668	2982.100437	4.833933
366429.882707	7653717.854905	2032.279659	2986.859338	5.128015
366431.404779	7653722.575795	2031.834498	2991.81953	6.281523
366433.685347	7653727.025358	2031.183332	2996.81949	7.505749
366436.259135	7653731.263491	2030.522472	3001.777933	6.99144
366439.787264	7653734.804805	2029.962275	3006.776793	6.378856
366444.074145	7653737.236827	2029.41266	3011.705492	6.259233
366447.861898	7653740.489485	2028.874122	3016.698173	6.514314
366452.081986	7653743.081986	2028.277033	3021.650971	9.255079
366455.725864	7653746.497478	2027.253271	3026.64531	13.137696
366459.577616	7653749.68264	2025.944853	3031.643435	14.409769
366463.675501	7653752.460087	2024.697184	3036.593877	11.897173
366467.911253	7653755.112315	2023.849051	3041.591467	8.202235
366472.353113	7653757.288338	2023.263904	3046.537698	5.282704
366474.76596	7653760.76596	2023.000367	3050.77039	3.032379
366478.301494	7653764.301494	2022.774822	3055.77039	3.185488
366481.640708	7653768.018088	2022.444041	3060.766731	5.542221
366484.590368	7653772.027686	2021.807042	3065.744418	8.342489
366487.61313	7653776.010229	2020.980974	3070.744192	10.559784
366490.57488	7653780.038394	2019.942991	3075.744	11.821333
366493.390576	7653784.169775	2018.888156	3080.743645	12.227873
366496.561073	7653787.947458	2017.790738	3085.675474	13.090319
366500.369159	7653791.168556	2016.581651	3090.663158	15.302707
366504.615807	7653793.805399	2015.058351	3095.661854	17.536438
366508.280924	7653797.196513	2013.424308	3100.655123	18.890294
366511.373359	7653801.103308	2011.644848	3105.637713	19.815884
366514.535288	7653804.963836	2009.830897	3110.627851	18.452223
366517.386274	7653809.02418	2008.324472	3115.589153	15.087902
366519.72483	7653813.161818	2007.212118	3120.34193	10.859193
366520.263348	7653818.132442	2006.453698	3125.34164	9.185633
366520.750144	7653823.10012	2005.596519	3130.333112	11.131128
366520.81044	7653828.099756	2004.487871	3135.333112	11.911662
366519.964651	7653832.997701	2003.493363	3140.303547	10.943739
366519.5	7653837.931156	2002.568677	3145.258835	10.054294
366518.88963	7653842.853289	2001.735423	3150.218668	8.403732
366517.604902	7653847.685302	2001.097334	3155.218556	5.848421
366517.060009	7653852.644071	2000.712329	3160.207172	5.053447
366517.265949	7653857.637774	2000.214261	3165.20512	6.970636
366516.984946	7653862.625469	1999.49051	3170.200725	6.880418
366516.850957	7653867.622685	1999.008281	3175.199737	4.144958
366518.461285	7653872.32721	1998.7679	3180.172232	3.3844
366520.377058	7653876.910916	1998.420443	3185.140184	4.514354
366522.921678	7653881.211731	1997.981136	3190.137393	5.408194
366525.580885	7653885.353697	1997.481387	3195.059513	6.600781
366529.410646	7653888.568114	1996.83301	3200.059468	7.497209
366533.029499	7653892.00566	1996.166551	3205.050742	7.895636
366535.926185	7653896.040889	1995.451961	3210.018021	8.401996
366538.914684	7653900.04843	1994.694526	3215.017172	8.539851
366541.461919	7653904.338527	1993.952115	3220.006494	8.005844
366544.014194	7653908.636968	1993.289752	3225.005565	7.269988
366545.875395	7653913.260154	1992.678637	3229.98933	6.880267
366547.786113	7653917.879558	1992.085232	3234.988304	6.996308
366550.084163	7653922.242565	1991.460049	3239.919517	7.613967
366552.054193	7653926.818802	1990.760072	3244.901782	6.878085
366554.5	7653931.162796	1990.257757	3249.886986	4.482275
366554.85223	7653936.061456	1989.984303	3254.798293	3.395346
366557.509382	7653940.296965	1989.669742	3259.798293	3.65791
366559.937787	7653944.632172	1989.347008	3264.767313	4.150007
366562.094932	7653949.125115	1988.947593	3269.751268	4.744161
366565.030785	7653953.168842	1988.518695	3274.748364	5.808974
366568.046436	7653957.153071	1987.930897	3279.745186	7.437627
366571.025979	7653961.120032	1987.21875	3284.706482	8.179349
366574.5	7653964.557129	1986.515406	3289.59345	5.476794
366574.5	7653969.557129	1986.270813	3294.59345	1.637016
366574.5	7653974.557129	1986.229623	3299.59345	0.997437
366577.368824	7653978.368824	1986.100707	3304.364107	1.349752
366579.5	7653982.486062	1986.007988	3309.000222	0.945419
366580.904358	7653986.904358	1985.9477	3313.636336	1.325718
366584.439892	7653990.439892	1985.784993	3318.636336	2.318522
366586.592212	7653994.937696	1985.543389	3323.62259	3.390151
366589.5	7653998.58506	1985.213308	3328.28719	3.177069
366591.681467	7654002.681467	1985.026873	3332.928241	1.989491
366594.5	7654006.513992	1984.886844	3337.685591	0.79805
366594.598305	7654011.509216	1984.891015	3342.681781	0.394972
366595.157185	7654016.475602	1984.817952	3347.679514	1.281995
366596.653442	7654021.000575	1984.672523	3352.445453	1.403516
366600.920412	7654023.59184	1984.578877	3357.437615	0.888546
366604.897857	7654026.596811	1984.517789	3362.422585	0.927584
366609.106463	7654029.262208	1984.417514	3367.404222	0.985006
366613.858193	7654030.5	1984.347719	3372.314524	0.558262
366617.581708	7654033.581708	1984.322576	3377.147896	0.28944
366621.246345	7654036.976897	1984.298067	3382.143581	0.850428
366624.983534	7654040.297742	1984.174214	3387.143041	1.712969
366628.902622	7654041.097378	1984.028943	3391.142874	1.963685
366633.652351	7654040.653297	1983.873523	3395.913318	1.901194
366638.649579	7654040.819584	1983.70463	3400.913312	2.209844
366642.559887	7654043.749229	1983.492051	3405.799346	2.642797
366644.733059	7654047.8296	1983.265723	3410.422343	2.779768
366644.970781	7654052.823945	1983.024828	3415.422343	2.826295
366645.585584	7654057.765669	1982.773052	3420.402164	2.543132
366646.135954	7654062.735236	1982.581587	3425.402114	2.100373
366646.486599	7654067.692936	1982.407413	3430.372199	2.586655
366648.567632	7654072.236203	1982.131315	3435.369395	3.678346
366651.551294	7654076.157581	1981.769402	3440.296812	4.334186
366655.393782	7654079.32552	1981.380449	3445.276828	4.340518
366658.597361	7654083.161709	1981.012083	3450.274754	4.456666
366660.986312	7654087.512058	1980.6041	3455.23788	4.399795
366663.297214	7654091.939202	1980.245984	3460.231864	3.604924
366665.250889	7654096.409115	1979.982161	3465.110078	2.916239
366668.288345	7654100.380747	1979.742783	3470.110078	2.768298
366669.508839	7654104.972962	1979.510648	3474.861713	2.848948
366669.522494	7654109.972943	1979.257512	3479.861713	3.353705
366672.674491	7654113.674491	1978.932766	3484.723455	3.572768
366674.5	7654117.91834	1978.665524	3489.343276	3.158293
366675.919723	7654122.457743	1978.415424	3494.099513	3.270198
366678.786396	7654126.551776	1978.108211	3499.097404	3.615133
366681.199562	7654130.928914	1977.783887	3504.095675	3.573902
366683.458311	7654135.388018	1977.483854	3509.09423	3.020034
366684.5	7654140.038146	1977.268773	3513.859606	1.867876
366687.708954	7654143.708954	1977.169448	3518.735282	0.936674
366691.967079	7654145.5	1977.113537	3523.354749	0.764497
366696.381018	7654147.096323	1977.045179	3528.048479	1.041026
366700.267095	7654150.224965	1976.937594	3533.037467	1.193557
366705.171234	7654150.5	1976.838906	3537.949312	1.457827
366709.974634	7654150.974634	1976.689759	3542.776105	2.2284
366713.510168	7654154.510168	1976.456531	3547.776105	2.557731
366718.100166	7654155.5	1976.256669	3552.471619	2.64632
366722.045702	7654158.045702	1976.022492	3557.167133	2.778057
366725.097189	7654161.90766	1975.789998	3562.089154	2.305903
366727.936176	7654165.87717	1975.627792	3566.969406	1.88743
366731.486331	7654169.311641	1975.466408	3571.908959	1.889983
366734.550384	7654173.252146	1975.30009	3576.900553	2.133852
366736.051292	7654177.998762	1975.094943	3581.878815	2.368503
366736.683155	7654182.958633	1974.887386	3586.878771	2.447768
366736.086589	7654187.892033	1974.668792	3591.84811	2.989865
366734.639641	7654192.655571	1974.367824	3596.826559	6.778653
366732.444489	7654197.076823	1973.490322	3601.762768	10.97187
366729.27437	7654200.5	1972.50637	3606.428365	7.314071
366724.27437	7654200.5	1972.249754	3611.428365	3.300482
366719.274374	7654200.501344	1971.929706	3616.428361	4.098697
366714.5	7654200.755319	1971.548879	3621.209485	2.754946
366714.319462	7654205.680538	1971.462492	3626.138012	0.515961
366710.783928	7654209.216072	1971.459471	3631.138012	0.041774
366708.075959	7654213.348081	1971.455245	3636.078315	0.05013
366704.5	7654216.284269	1971.451101	3640.705267	0.055811
366704.5	7654221.284269	1971.445868	3645.705267	0.043945
366704.5	7654226.284269	1971.443431	3650.705267	0.022082
366704.315979	7654231.262374	1971.442021	3655.686772	0.026252
366702.652433	7654235.5	1971.439063	3660.239229	0.037831
366698.277609	7654236.885376	1971.435985	3664.828166	0.045646
366694.908776	7654240.5	1971.431471	3669.769273	0.029945
366691.253514	7654243.746486	1971.430848	3674.658098	0.023719
366691.282019	7654247.282019	1971.427984	3678.193747	0.053707
366694.566915	7654250.944075	1971.422923	3683.113218	0.07192
366694.591091	7654255.591091	1971.415976	3687.760297	0.05049
366698.126625	7654259.126625	1971.414422	3692.760297	0.027322
366701.277284	7654262.988197	1971.411215	3697.744109	0.067613
366704.146615	7654267.073048	1971.40265	3702.73601	0.094355
366706.701613	7654270.5	1971.395955	3707.010587	0.085511
366707.943225	7654272.056775	1971.393299	3709.001855	0.041131
366704.5	7654275.630545	1971.390963	3713.964478	0.046335
366704.482041	7654280.629304	1971.385243	3718.963269	0.061854
366703.793881	7654285.58172	1971.38017	3723.963269	0.056479
366702.793117	7654290.452971	1971.375413	3728.936257	0.026791
366699.5	7654294.183479	1971.375518	3733.912331	0.031222
366699.5	7654299.183479	1971.369977	3738.912331	0.068375
366699.5	7654304.183479	1971.363584	3743.912331	89.608132
366699.5	7654309.183479	519.067902	3748.912331	0.01474
