x	y	z	L	slope
370249.5	7646680.5	1457.727539	0.0	17.993711
370252.541502	7646676.531466	1456.103599	5.0	18.338325
370256.649674	7646674.161235	1454.498255	9.742897	17.386551
370260.067224	7646670.855042	1453.129662	14.497953	19.480597
370264.141699	7646667.987694	1451.053907	19.480224	24.141435
370268.437889	7646665.431427	1448.656229	24.479399	26.205057
370272.968368	7646663.322091	1446.134027	29.476853	24.910172
370277.600748	7646661.4414	1444.013752	34.476447	22.031347
370282.399546	7646660.306596	1442.115556	39.407598	21.024435
370287.385872	7646659.937103	1440.196805	44.407594	21.656351
370292.160894	7646658.863125	1438.186989	49.301903	23.140457
370296.457413	7646656.341466	1435.97616	54.283755	22.206777
370300.637341	7646653.71834	1434.138829	59.218589	17.494422
370304.319311	7646650.343789	1432.84663	64.213036	14.81941
370307.355105	7646646.379256	1431.4964	69.206388	11.948778
370310.264206	7646642.360626	1430.740115	74.167462	11.385338
370314.072063	7646639.12032	1429.490621	79.167398	14.130122
370317.700617	7646635.681549	1428.223006	84.166552	15.548036
370319.950061	7646631.253072	1426.717839	89.133585	15.244565
370322.819077	7646627.180923	1425.511868	94.114915	14.277451
370326.82566	7646624.28737	1424.192599	99.057116	17.616923
370329.676403	7646620.702483	1422.488187	103.637307	14.280763
370331.028614	7646615.923893	1421.762735	108.603533	11.601064
370335.787208	7646615.5	1420.487972	113.38097	14.849911
370340.362612	7646614.544592	1419.256801	118.055061	13.494081
370343.713324	7646610.833429	1418.166556	123.055061	12.681815
370348.271345	7646608.982651	1417.024734	127.974506	14.607245
370353.121403	7646607.868622	1415.587636	132.950862	17.336379
370357.996739	7646607.019709	1413.926608	137.899554	15.963786
370362.417897	7646605.5	1412.834738	142.574611	12.782513
370367.417897	7646605.5	1411.731661	147.574611	12.071939
370371.935938	7646603.893659	1410.739931	152.369715	11.862866
370376.345441	7646601.782004	1409.697506	157.258765	12.837907
370381.331874	7646602.144978	1408.486466	162.258391	12.198875
370386.268099	7646602.913953	1407.536698	167.254153	11.974112
370391.121898	7646602.006732	1406.379765	172.192009	14.224657
370395.793881	7646600.5	1405.040643	177.100946	14.984013
370400.793881	7646600.5	1403.727718	182.100946	13.814948
370405.772864	7646600.267735	1402.585553	187.085343	13.585496
370410.703981	7646599.454482	1401.315536	192.083073	15.333775
370415.43428	7646600.250188	1399.899962	196.879829	15.59937
370420.35229	7646600.625694	1398.599327	201.812154	15.562368
370425.281208	7646601.08744	1397.147709	206.762654	19.838829
370430.207333	7646601.933178	1395.010073	211.760851	22.650437
370435.076778	7646603.06774	1392.975721	216.760723	20.642973
370440.012311	7646603.783531	1391.247761	221.747892	18.652211
370444.788523	7646602.571354	1389.629066	226.675525	15.337273
370449.604804	7646601.237181	1388.525652	231.673183	14.540312
370454.511647	7646600.5	1387.045949	236.635092	18.019555
370459.511641	7646600.500362	1385.285176	241.635086	21.052615
370464.509219	7646600.655984	1383.196896	246.635086	24.38138
370469.506677	7646600.790949	1380.75337	251.634367	24.31306
370474.472483	7646600.5	1378.691054	256.608689	20.475246
370479.472483	7646600.5	1377.029155	261.608689	17.106417
370484.324104	7646599.294342	1375.613774	266.607872	16.09968
370489.246637	7646598.458514	1374.145212	271.600862	16.491084
370494.16579	7646597.679105	1372.661268	276.581378	16.798524
370499.090169	7646596.880405	1371.135694	281.570108	16.42339
370504.068288	7646596.623062	1369.721575	286.554874	17.317509
370508.805194	7646597.89762	1368.052036	291.460256	16.11643
370513.761741	7646597.627534	1366.869975	296.424157	15.038372
370518.72391	7646597.415636	1365.384095	301.390848	18.602393
370523.713926	7646597.719461	1363.515706	306.390105	22.874152
370528.682468	7646597.882649	1361.177839	311.361326	23.868553
370533.632748	7646597.348228	1359.113034	316.34037	22.296579
370538.465632	7646598.364823	1357.111122	321.279017	22.737198
370543.198075	7646599.934578	1354.95403	326.265013	23.210946
370548.136724	7646600.5	1352.841475	331.235924	23.48165
370553.090361	7646601.078856	1350.627992	336.223266	23.191075
370558.037024	7646601.805897	1348.56296	341.223073	22.341639
370563.027654	7646601.776046	1346.522229	346.213792	21.64539
370568.012751	7646601.390368	1344.598327	351.213786	20.550531
370572.896581	7646600.5	1342.786823	356.178114	22.276974
370577.896581	7646600.5	1340.516469	361.178114	24.826105
370582.868663	7646600.065405	1338.164944	366.169153	25.173383
370587.825994	7646599.41364	1335.820872	371.169146	24.993939
370592.670826	7646598.224526	1333.508617	376.157772	22.341118
370597.616297	7646597.530381	1331.718483	381.15172	19.42194
370602.61022	7646597.284884	1329.985019	386.151674	17.809179
370607.455918	7646597.590996	1328.552647	391.007031	15.131176
370612.127546	7646599.342304	1327.323114	395.996138	17.135509
370616.860175	7646600.850837	1325.483016	400.963375	21.471426
370621.822448	7646601.101559	1323.415132	405.931979	22.025146
370626.796842	7646600.596972	1321.450513	410.931899	21.91899
370631.678611	7646599.767824	1319.410912	415.883581	21.732124
370636.394106	7646598.114709	1317.48517	420.880448	18.850815
370641.166494	7646596.644764	1316.000084	425.874087	17.461573
370646.0786	7646595.782716	1314.345689	430.861261	20.182704
370651.058341	7646595.638781	1312.335742	435.843082	23.543493
370656.039185	7646596.075932	1309.996604	440.843073	26.245531
370660.989767	7646596.724769	1307.40892	445.835994	26.180675
370665.933645	7646597.470968	1305.083893	450.835868	23.61943
370670.881971	7646598.179945	1303.036688	455.834725	24.897953
370675.869813	7646598.496833	1300.444143	460.832624	27.034481
370680.853816	7646598.880058	1297.935755	465.831338	23.300427
370685.737248	7646599.83899	1296.148109	470.808029	17.446242
370690.573453	7646600.828194	1294.82051	475.744365	15.017753
370695.453718	7646601.756459	1293.491106	480.712127	16.869297
370700.390481	7646602.458211	1291.802127	485.698517	19.500181
370705.250414	7646603.563922	1289.960437	490.682646	20.5208
370710.010472	7646605.084709	1288.06629	495.67974	23.164382
370714.889513	7646606.177251	1285.683229	500.679609	26.744077
370719.668267	7646607.524265	1283.045062	505.644579	27.017976
370723.481119	7646610.482288	1280.690916	510.470317	21.866785
370728.479819	7646610.368582	1279.101887	515.470309	17.529361
370733.4581	7646609.945961	1277.533599	520.466497	17.922372
370738.428249	7646609.403578	1275.869108	525.466153	19.123707
370743.423686	7646609.362248	1274.067906	530.461762	22.985876
370748.420361	7646609.185909	1271.629363	535.461547	25.276925
370753.394315	7646609.568326	1269.351482	540.45018	21.700466
370758.342234	7646610.288052	1267.654441	545.450171	19.154027
370763.151178	7646609.293772	1265.909253	550.360827	18.894109
370767.912473	7646607.843212	1264.270262	555.33818	14.676894
370772.886846	7646607.385213	1263.297325	560.333594	13.135429
370777.816397	7646606.969253	1261.950163	565.280663	16.413548
370782.803435	7646607.299089	1260.367888	570.278596	19.386208
370787.788354	7646606.998663	1258.434276	575.27256	20.615538
370792.788308	7646607.019864	1256.608432	580.272559	23.304907
370797.659611	7646606.003554	1254.136979	585.248749	26.855444
370802.528379	7646604.916713	1251.562918	590.237349	26.807655
370807.164657	7646603.133429	1249.106339	595.20476	22.189466
370811.570076	7646600.806445	1247.504812	600.186987	19.20991
370816.395774	7646599.659209	1245.642204	605.147179	19.652351
370821.290971	7646599.934419	1243.982668	610.050106	15.918641
370826.195658	7646600.444331	1242.83753	614.981228	13.99418
370831.19361	7646600.305765	1241.507741	619.981101	17.338466
370836.166349	7646600.564432	1239.722059	624.960563	19.304148
370841.121827	7646601.209722	1238.013224	629.957878	16.445694
370845.991866	7646602.316803	1236.772802	634.952165	14.106308
370850.530458	7646604.381637	1235.505203	639.938382	16.38435
370855.295477	7646605.665523	1233.855878	644.873336	18.051248
370860.228259	7646606.372981	1232.272872	649.856592	17.232647
370864.81245	7646608.364057	1230.760052	654.85451	16.285897
370869.48681	7646610.112974	1229.354718	659.845338	15.833747
370874.102211	7646611.796166	1227.95141	664.758082	18.032868
370878.569749	7646614.019209	1226.130919	669.748153	18.350348
370883.185914	7646615.5	1224.688336	674.596011	16.501869
370888.185914	7646615.5	1223.213592	679.596011	16.114402
370893.138158	7646616.091414	1221.802981	684.583444	16.271649
370898.077905	7646616.865093	1220.298526	689.583412	17.633023
370903.02906	7646617.258502	1218.635125	694.550172	19.203152
370908.008957	7646616.810727	1216.827232	699.55016	19.773657
370912.801748	7646618.10173	1215.053293	704.513782	21.583935
370917.206147	7646620.456776	1212.887893	709.508275	22.12774
370921.763	7646622.503103	1210.991383	714.50351	22.007166
370926.656069	7646623.443339	1208.855272	719.486096	25.683414
370931.482401	7646624.704785	1206.196359	724.474556	27.970467
370936.335008	7646625.901523	1203.552164	729.472552	27.103724
370941.250646	7646626.794233	1201.081508	734.468594	24.286102
370946.124446	7646627.909158	1199.041984	739.468292	22.37142
370951.106662	7646628.077071	1196.972054	744.453337	21.070429
370955.91835	7646629.294126	1195.209289	749.416559	19.316282
370960.744426	7646630.550859	1193.484464	754.40358	18.807413
370965.680314	7646630.736694	1191.828738	759.342965	19.474341
370970.533669	7646630.5	1190.019679	764.202088	19.162839
370975.520867	7646630.662176	1188.406238	769.191923	17.3873
370980.459751	7646631.44148	1186.891588	774.191912	17.541972
370985.246987	7646632.744904	1185.257465	779.153418	20.335141
370989.898345	7646634.568027	1183.20141	784.149307	23.785946
370994.784071	7646635.619432	1180.852896	789.146883	25.677677
370999.707368	7646636.367118	1178.404597	794.126631	26.802096
371004.707171	7646636.324156	1175.811484	799.126618	26.879402
371009.70647	7646636.320925	1173.336362	804.125919	24.966109
371014.59377	7646637.325634	1171.160976	809.115422	23.312589
371019.513044	7646638.210372	1169.032517	814.113623	23.910319
371024.474993	7646638.752794	1166.73214	819.105132	24.255212
371029.453258	7646638.440712	1164.536117	824.093169	21.86338
371034.4101	7646637.785255	1162.724522	829.09316	17.396522
371039.282524	7646637.527086	1161.440904	833.972419	15.453064
371044.046907	7646639.037206	1159.994117	838.970399	17.959925
371048.851172	7646640.420634	1158.200362	843.969883	20.206956
371053.785147	7646641.214898	1156.314685	848.967379	23.017393
371058.246131	7646643.469259	1153.953977	853.965631	31.072251
371062.791948	7646645.54479	1150.291845	858.962858	34.117629
371067.106762	7646648.054956	1147.186637	863.954707	34.697658
371071.634451	7646650.175718	1143.374196	868.954466	36.965505
371076.176512	7646652.259638	1139.66304	873.95177	33.920815
371080.887642	7646653.932623	1136.651696	878.951132	31.067242
371085.586469	7646655.627719	1133.641924	883.946363	33.201555
371090.486966	7646656.579034	1130.116105	888.938343	34.440693
371095.484024	7646656.449259	1126.790966	893.937087	33.086217
371100.480671	7646656.378017	1123.603529	898.934241	32.589578
371105.408659	7646657.220136	1120.400686	903.933664	34.358281
371110.38642	7646657.627272	1116.77157	908.928047	34.126942
371115.29486	7646658.488178	1113.638652	913.911414	33.80688
371120.26365	7646658.272582	1110.104571	918.884879	34.744946
371125.253336	7646658.239178	1106.728457	923.874677	33.571608
371130.251419	7646658.217678	1103.475988	928.872807	33.394558
371135.247941	7646658.040238	1100.137731	933.872478	32.155717
371140.245571	7646657.962604	1097.190989	938.870711	26.940148
371145.240152	7646658.159259	1095.057487	943.869162	23.736559
371150.189204	7646658.804368	1092.798504	948.860082	24.606628
371155.07642	7646659.856946	1090.482371	953.859362	25.020424
371160.055719	7646659.424522	1088.132494	958.857403	26.116714
371164.918333	7646658.481661	1085.603884	963.810583	25.04135
371169.390407	7646656.443995	1083.522638	968.725004	22.617224
371174.384275	7646656.651616	1081.474305	973.723186	24.673747
371179.37776	7646656.787379	1078.931836	978.718516	26.355073
371184.257274	7646657.662376	1076.543645	983.675862	26.7509
371189.16409	7646658.584282	1073.916591	988.668532	28.603849
371194.134384	7646659.126358	1071.094912	993.668299	28.489669
371199.077578	7646659.868659	1068.490435	998.666916	26.399858
371204.018395	7646660.630566	1066.132144	1003.666133	25.126182
371208.823117	7646661.998849	1063.803035	1008.661888	24.262136
371213.631607	7646663.36455	1061.627587	1013.660558	24.311867
371218.431323	7646664.764671	1059.286227	1018.66032	25.980921
371222.975672	7646666.789045	1056.766917	1023.635177	26.848454
371227.759736	7646668.13399	1054.252573	1028.604698	28.2421
371232.751756	7646668.373266	1051.413266	1033.602449	27.893944
371237.734169	7646668.015726	1048.9631	1038.597674	29.073888
371242.598661	7646666.926502	1045.864525	1043.582621	32.480991
371247.295697	7646665.229854	1042.610651	1048.576694	32.853753
371251.949968	7646663.446002	1039.420812	1053.561106	30.868306
371256.51544	7646661.432771	1036.649002	1058.550759	29.634865
371261.283347	7646659.942411	1033.740669	1063.546168	31.706342
371266.015134	7646658.333972	1030.475837	1068.543856	31.414552
371270.947762	7646657.681489	1027.649695	1073.519451	30.321038
371275.903624	7646657.026829	1024.642499	1078.518366	31.103355
371280.720533	7646655.787457	1021.633192	1083.492163	32.201973
371285.487765	7646654.286381	1018.362692	1088.490135	32.283914
371290.062656	7646652.297758	1015.324218	1093.478547	29.753002
371294.346054	7646649.728105	1012.656177	1098.473606	27.859779
371298.716974	7646647.416482	1010.07058	1103.418153	28.739233
371303.234294	7646645.348987	1007.220599	1108.386121	28.845305
371307.80891	7646643.359314	1004.586858	1113.374699	27.118994
371312.325168	7646641.219383	1002.106417	1118.372288	27.249663
371316.871556	7646639.156296	999.441829	1123.36488	28.188964
371321.510079	7646637.294266	996.752009	1128.363185	29.975991
371326.264561	7646635.747117	993.675166	1133.363061	31.386801
371330.225823	7646632.796954	990.688573	1138.302197	29.750904
371334.387798	7646630.028528	987.995264	1143.300819	29.741785
371338.711303	7646627.620337	985.005163	1148.249766	31.46097
371343.467185	7646626.081273	981.908868	1153.248479	32.81792
371347.914261	7646623.901033	978.587702	1158.201249	31.979876
371351.765496	7646620.75834	975.713026	1163.172016	27.12813
371356.171272	7646618.457567	973.494588	1168.142371	28.682127
371360.767981	7646616.530161	970.267163	1173.126809	31.00249
371365.100322	7646614.036992	967.495855	1178.125316	29.865532
371369.455487	7646611.580881	964.525975	1183.12531	32.103013
371373.74853	7646609.105366	961.250196	1188.080953	33.709141
371378.031307	7646606.535179	957.887809	1193.075755	33.183407
371382.127549	7646603.687107	954.721312	1198.064814	31.794396
371386.088941	7646600.636528	951.695992	1203.06468	30.733497
371390.543437	7646598.37789	948.779463	1208.059074	28.305805
371394.820188	7646595.791126	946.314419	1213.057269	26.250055
371399.607457	7646594.474023	943.866241	1218.022418	22.396264
371404.447706	7646593.23704	942.209701	1223.01823	20.505783
371409.345276	7646592.306095	940.133442	1228.003493	26.028088
371414.104407	7646590.773503	937.333757	1233.003309	25.089676
371418.78534	7646592.247997	935.494767	1237.910984	19.651506
371423.463439	7646594.012909	933.795884	1242.910936	20.364357
371428.263879	7646595.396485	931.784558	1247.906786	23.880347
371433.092128	7646595.55603	929.445451	1252.737669	27.166634
371437.252831	7646597.850485	926.867144	1257.489088	28.542981
371441.529317	7646599.95887	924.267772	1262.257066	31.281133
371446.528643	7646600.040529	920.932745	1267.257059	33.754077
371451.45437	7646599.579221	917.620442	1272.20434	29.933833
371456.231444	7646598.10355	915.205303	1277.204144	21.979922
371459.786279	7646595.5	913.824094	1281.610427	14.241777
371464.70243	7646595.29757	912.838146	1286.530743	10.309358
371468.237964	7646591.762036	912.019647	1291.530743	14.478768
371472.512896	7646589.377483	910.283112	1296.425755	14.982231
371475.641027	7646591.641027	909.676411	1300.286951	5.631103
371479.176561	7646595.176561	909.409434	1305.286951	4.147357
371484.042588	7646595.5	908.960251	1310.163716	7.28112
371489.042588	7646595.5	908.147536	1315.163716	11.11489
371494.042588	7646595.5	906.99569	1320.163716	15.88355
371499.042588	7646595.5	905.302153	1325.163716	21.078262
371504.042588	7646595.5	903.141494	1330.163716	21.519768
371509.042588	7646595.5	901.359191	1335.163716	16.05607
371512.712095	7646592.287905	900.299002	1340.04048	10.042023
371514.5	7646588.02848	899.67762	1344.659929	7.257581
371516.247629	7646583.752371	899.122459	1349.279378	8.335582
371519.783163	7646580.216837	898.268235	1354.279378	8.359488
371523.318696	7646576.681304	897.653055	1359.279378	7.655616
371526.920231	7646573.213675	896.92417	1364.278928	6.317291
371531.311924	7646571.278268	896.568297	1369.078175	5.183577
371533.741636	7646569.175188	896.197292	1372.291653	3.005267
371531.555599	7646564.739164	896.139969	1377.237062	7.351113
371534.13379	7646560.86621	894.95909	1381.889679	9.120732
371534.5	7646556.017899	894.612469	1386.751801	6.262
371537.669324	7646552.330676	893.892082	1391.613922	10.21673
371541.623049	7646549.357308	892.844625	1396.560927	13.336175
371546.289196	7646547.645547	891.54121	1401.531144	14.729685
371549.5	7646544.506434	890.357527	1406.021499	9.481815
371550.444002	7646540.190109	890.053356	1410.439847	10.423662
371555.218999	7646538.726445	888.626019	1415.434134	14.228546
371559.34979	7646540.34979	887.661612	1419.872454	15.425814
371564.287571	7646540.5	886.038315	1424.812519	15.053916
371567.885324	7646543.885324	885.004354	1429.752584	15.317867
371571.420858	7646543.579142	883.71326	1433.301351	18.603184
371574.772037	7646539.914695	882.138469	1438.267092	17.747577
371577.22966	7646535.59239	880.532681	1443.239238	16.340632
371579.837815	7646532.436473	879.480393	1447.333415	10.501149
371581.955751	7646528.044249	878.869985	1452.209611	12.013607
371585.783967	7646524.937219	877.393565	1457.140013	17.46382
371590.511474	7646523.374023	875.752461	1462.11926	16.788821
371594.438462	7646520.561538	874.434085	1466.949509	14.945382
371599.153395	7646518.956882	873.133777	1471.930022	12.427773
371603.508234	7646516.627691	872.248252	1476.868621	12.163695
371606.921869	7646513.078131	871.00787	1481.793282	14.395019
371609.5	7646509.146027	869.77753	1486.495217	12.417414
371610.379929	7646504.470938	868.925199	1491.252394	10.099044
371613.629362	7646500.670783	868.039733	1496.252394	11.468052
371617.834126	7646498.199633	866.921465	1501.129547	10.607899
371620.278911	7646494.721089	866.330057	1505.381281	6.999741
371623.814445	7646491.185555	865.785571	1510.381281	8.154578
371627.383944	7646487.684399	864.897177	1515.381223	6.264662
371631.508791	7646485.5	864.724337	1520.048766	6.966869
371636.405742	7646484.86487	863.723442	1524.986733	10.59838
371641.232485	7646483.690048	862.870895	1529.954394	11.612339
371646.203959	7646483.176881	861.675633	1534.952283	12.6097
371650.14971	7646485.429014	860.736568	1539.495525	10.408749
371654.568647	7646483.095935	859.923214	1544.49255	10.888096
371659.306608	7646481.578125	858.818439	1549.467691	12.01882
371663.394799	7646480.5	857.963934	1553.695652	8.808711
371664.5	7646476.605201	857.535914	1557.744223	9.751126
371667.254038	7646472.745962	856.453452	1562.485369	15.246154
371671.31034	7646470.2794	854.949812	1567.232737	19.143398
371674.763582	7646467.948051	853.359269	1571.399279	17.792655
371676.39418	7646463.307278	852.034171	1576.318184	14.267745
371679.69768	7646459.664464	850.857938	1581.235826	13.194268
371682.144321	7646455.312304	849.710831	1586.228555	8.487512
371684.118234	7646450.881766	849.389115	1591.078916	7.88375
371687.653768	7646447.346232	848.346869	1596.078916	15.941626
371691.889033	7646445.5	846.641263	1600.699094	19.609498
371696.189302	7646443.810698	845.054905	1605.319273	14.480246
371699.777778	7646440.65473	844.214043	1610.098112	13.511739
371704.145833	7646443.087854	842.705166	1615.098112	14.907487
371708.076578	7646441.923422	841.791631	1619.197703	12.609586
371712.137877	7646441.901297	840.879599	1623.259063	12.921549
371716.775816	7646443.557502	839.730035	1628.183847	13.107815
371719.5	7646441.062745	838.872788	1631.87776	8.223448
371722.637613	7646437.362387	838.495086	1636.729282	6.202151
371726.865696	7646435.548229	837.845603	1641.330135	8.619513
371729.5	7646437.967083	837.255586	1644.906504	6.996172
371731.967083	7646440.5	836.972842	1648.442344	3.508987
371736.244491	7646438.755509	836.755516	1653.06181	2.844542
371739.896016	7646435.5	836.500253	1657.953841	6.18518
371744.683841	7646435.149243	835.705122	1662.754498	7.729283
371747.004979	7646430.720663	835.170092	1667.754498	6.338811
371749.633741	7646426.537273	834.600868	1672.69526	7.8696
371754.191703	7646425.5	833.841103	1677.369762	9.793706
371759.103354	7646424.593793	832.931877	1682.364311	10.424125
371763.969501	7646424.372759	832.026166	1687.235476	9.656551
371768.906419	7646424.766458	831.260388	1692.188066	6.719219
371772.097393	7646422.902607	831.007345	1695.883503	2.997016
371776.1022	7646420.5	830.822412	1700.553729	1.808443
371781.098789	7646420.395504	830.702102	1705.55141	0.693773
371786.089261	7646420.088215	830.701352	1710.551334	0.445813
371790.851571	7646420.5	830.626005	1715.331413	2.935175
371795.455705	7646421.455705	830.215175	1720.033692	6.274069
371798.991239	7646424.991239	829.55934	1725.033692	7.189091
371803.780503	7646425.5	828.977034	1729.849903	7.21259
371808.780503	7646425.5	828.31711	1734.849903	7.855141
371813.674151	7646424.551755	827.599555	1739.834575	7.655229
371818.613034	7646424.05754	826.980012	1744.798124	8.003156
371823.295726	7646423.088717	826.22942	1749.579988	9.287351
371828.103144	7646422.231031	825.399515	1754.463316	8.372375
371832.967898	7646422.237051	824.794793	1759.328074	7.827232
371837.423776	7646420.297805	824.062777	1764.187654	11.133945
371842.292295	7646419.243479	822.858078	1769.169027	12.44474
371846.650465	7646416.842742	821.865496	1774.144686	11.156321
371851.196714	7646414.897448	820.901661	1779.089638	12.488755
371855.949122	7646413.358475	819.663891	1784.085018	12.58812
371860.905202	7646412.817851	818.672916	1789.070498	10.309384
371865.80845	7646411.912709	817.850117	1794.05659	8.991464
371870.78074	7646411.58992	817.095575	1799.039347	6.799084
371875.334018	7646411.983512	816.711178	1803.609605	5.937072
371879.17446	7646415.17446	816.101072	1808.602714	11.556866
371883.358029	7646417.892136	814.67008	1813.591503	16.862467
371887.124519	7646420.5	813.200424	1818.172704	15.598243
371892.082269	7646420.969026	812.000976	1823.152591	14.531878
371897.012869	7646421.796588	810.613717	1828.152158	16.740931
371901.875109	7646422.939542	808.994841	1833.146928	20.040567
371906.77341	7646421.991703	806.971972	1838.136091	21.022351
371911.73082	7646421.494118	805.162807	1843.11841	16.724498
371916.724654	7646421.254509	803.9727	1848.11799	11.611393
371921.719316	7646421.193815	803.1092	1853.11302	9.919837
371926.714881	7646421.401811	802.224793	1858.112913	8.915302
371931.493544	7646422.65251	801.55004	1863.052536	9.595833
371935.376131	7646425.751279	800.549906	1868.020116	13.042339
371939.810559	7646428.060592	799.241221	1873.019824	14.155766
371944.26986	7646430.315656	798.028622	1878.01689	13.267526
371948.384051	7646433.129615	796.887731	1883.00136	13.841733
371952.330163	7646436.190854	795.569969	1887.995655	14.71461
371955.046791	7646440.134997	794.318495	1892.784844	17.303646
371958.17697	7646443.988355	792.531444	1897.749357	15.019845
371962.116096	7646446.955655	791.663223	1902.681049	10.485597
371966.696054	7646448.943756	790.694674	1907.673899	10.70578
371971.225688	7646450.5	789.813858	1912.463417	10.480461
371975.720246	7646451.720246	788.947203	1917.120675	10.111843
371979.25578	7646455.25578	788.091631	1922.120675	9.419414
371984.15462	7646455.5	787.304054	1927.025599	8.876226
371989.15462	7646455.5	786.544818	1932.025599	7.61947
371992.791314	7646452.208686	785.979069	1936.930524	5.710614
371994.5	7646447.916447	785.592367	1941.550364	4.996747
371996.326848	7646443.673152	785.171254	1946.170204	6.233365
372000.012485	7646440.5	784.556598	1951.03362	8.305714
372004.862382	7646440.137618	783.751314	1955.897037	11.257173
372008.397915	7646436.602085	782.593418	1960.897037	16.558062
372012.011529	7646433.14722	780.778416	1965.896466	14.492273
372015.861577	7646429.966795	780.010512	1970.890259	8.201759
372019.651727	7646430.348273	779.509633	1974.699559	7.808291
372023.187261	7646426.812739	778.802526	1979.699559	11.841104
372027.073186	7646423.694357	777.41678	1984.682001	11.890007
372031.958104	7646422.886003	776.711021	1989.63335	8.826909
372036.651358	7646424.557218	775.874297	1994.615276	10.967593
372041.483103	7646425.5	774.791596	1999.538141	12.630319
372045.902933	7646424.098402	773.732225	2004.174883	12.330496
372049.440149	7646420.564551	772.685137	2009.174883	12.303461
372052.973205	7646417.026795	771.551345	2014.174703	15.310292
372057.267469	7646414.858766	769.999522	2018.985217	18.314172
372061.866015	7646412.958611	768.312293	2023.96088	16.202668
372065.972938	7646410.206584	767.117261	2028.90461	12.099393
372070.73102	7646408.716803	766.183749	2033.890469	9.403507
372074.844431	7646410.5	765.549104	2038.373765	8.889129
372079.844431	7646410.5	764.700592	2043.373765	9.810405
372084.844224	7646410.488067	763.820019	2048.373572	11.344656
372089.841193	7646410.314025	762.694388	2053.373571	12.783159
372094.694992	7646410.5	761.583597	2058.230932	12.072325
372099.694992	7646410.5	760.586197	2063.230932	11.367786
372104.659022	7646410.387156	759.580128	2068.196244	12.914877
372108.736677	7646407.493589	758.301182	2073.196244	15.186694
372113.118666	7646405.5	756.916207	2078.010413	14.365904
372118.115495	7646405.651464	755.787858	2083.009537	13.291386
372123.111673	7646405.84672	754.554176	2088.009529	13.708973
372127.653951	7646407.666104	753.374614	2092.902631	14.782593
372132.135625	7646409.837711	751.948855	2097.88272	15.994753
372137.023312	7646410.5	750.533337	2102.815073	13.77767
372142.023312	7646410.5	749.513414	2107.815073	11.208858
372147.017037	7646410.322159	748.552354	2112.811964	11.198598
372151.991783	7646409.837906	747.534635	2117.810224	10.437949
372156.383379	7646407.750123	746.735849	2122.672831	8.540045
372160.53346	7646405.071492	746.062746	2127.612288	7.827476
372164.904893	7646402.848461	745.382665	2132.5165	5.299391
372168.730725	7646400.5	745.191479	2137.005627	3.247587
372172.872334	7646403.054681	744.851845	2141.871767	5.74687
372177.430118	7646404.320254	744.225734	2146.601996	10.132801
372182.399623	7646403.775631	743.113064	2151.601255	11.33401
372187.244592	7646402.755408	742.231349	2156.552476	10.697945
372191.310372	7646400.5	741.299409	2161.20193	11.290802
372196.310372	7646400.5	740.304867	2166.20193	12.0742
372201.310372	7646400.5	739.160369	2171.20193	13.548703
372206.310372	7646400.5	737.895161	2176.20193	14.459928
372211.310372	7646400.5	736.581733	2181.20193	15.110018
372216.184004	7646399.835487	735.217105	2186.120656	15.447162
372220.898271	7646398.203638	733.844079	2191.109368	15.870412
372225.859581	7646397.671197	732.38031	2196.099167	17.666483
372230.585846	7646396.264192	730.684361	2201.030419	16.260646
372235.542522	7646395.622268	729.484265	2206.028488	12.770278
372240.311204	7646394.688796	728.450292	2210.887675	10.276767
372243.846738	7646391.153262	727.696731	2215.887675	9.318452
372248.426658	7646389.40877	726.82573	2220.788586	7.516713
372252.593397	7646387.406603	726.44012	2225.411397	5.78363
372256.444223	7646384.264352	725.854108	2230.381569	7.217704
372261.135866	7646382.713861	725.184948	2235.322776	7.884585
372266.097771	7646382.803139	724.482583	2240.285485	9.053421
372271.092709	7646382.972195	723.597885	2245.283283	10.783462
372275.934299	7646381.879005	722.585406	2250.246755	8.135263
372280.705495	7646380.5	722.17845	2255.213239	8.731475
372285.352413	7646379.647587	721.09708	2259.937693	13.864877
372288.887947	7646376.112053	719.77829	2264.937693	15.496024
372293.507532	7646374.483943	718.352921	2269.835785	17.375337
372297.845348	7646372.033481	716.686789	2274.817894	14.784198
372302.208457	7646371.390051	715.874188	2279.228191	8.181797
372307.091172	7646372.355578	715.337106	2284.205454	6.093875
372310.771549	7646371.771549	714.945	2287.931882	5.930849
372314.307083	7646375.307083	714.430595	2292.931882	4.677563
372319.227174	7646375.5	714.133046	2297.855754	7.423924
372319.5	7646380.227174	713.172058	2302.590794	11.349208
372319.5	7646385.227174	712.179156	2307.590794	12.604968
372324.227174	7646385.5	710.995198	2312.325835	11.346062
372329.227174	7646385.5	710.225821	2317.325835	6.730382
372332.842617	7646388.842617	709.824111	2322.249707	4.045871
372336.378151	7646392.378151	709.523913	2327.249707	3.488971
372340.049288	7646395.701377	709.217369	2332.201583	6.959795
372344.5	7646397.607215	708.328437	2337.04318	8.944985
372345.990026	7646399.009974	708.133223	2339.089618	0.164787
372349.535907	7646395.504157	708.30821	2344.076002	6.34736
372354.502094	7646396.080649	707.022444	2349.075538	13.39884
372358.238474	7646399.400353	705.926725	2354.073634	9.984115
372361.609132	7646403.085493	705.26345	2359.06779	9.594309
372365.50182	7646405.5	704.308285	2363.648496	9.153624
372370.50182	7646405.5	703.719717	2368.648496	7.73418
372375.50182	7646405.5	702.950198	2373.648496	9.619288
372379.5	7646406.50182	702.173771	2377.770278	9.006471
372380.208394	7646411.208394	701.542541	2382.529864	5.957377
372383.743928	7646414.743928	701.155368	2387.529864	4.58157
372387.279462	7646412.720538	700.815457	2391.60345	6.793988
372390.814996	7646411.814996	700.235276	2395.253109	10.402167
372394.35053	7646415.35053	699.227657	2400.253109	9.21666
372399.288617	7646415.5	698.622373	2405.193458	8.604448
372404.288617	7646415.5	697.723577	2410.193458	11.628874
372409.288617	7646415.5	696.564478	2415.193458	13.336654
372412.886064	7646418.886064	695.367134	2420.133807	14.795838
372417.217549	7646420.5	694.038712	2424.756204	15.678219
372422.217549	7646420.5	692.66643	2429.756204	13.584058
372427.184925	7646420.080175	691.62608	2434.741289	8.681334
372432.148548	7646419.509012	691.142426	2439.737666	5.218481
372436.604843	7646421.115159	690.737143	2444.474571	4.697513
372441.06264	7646420.5	690.383436	2448.974613	5.958539
372446.06264	7646420.5	689.745628	2453.974613	8.326176
372451.06264	7646420.5	688.919972	2458.974613	11.264016
372456.06264	7646420.5	687.754021	2463.974613	14.103224
372461.06264	7646420.5	686.407624	2468.974613	14.775621
372466.046517	7646420.276106	685.119466	2473.963517	13.799808
372470.982643	7646419.48731	683.954531	2478.962271	13.157489
372475.757305	7646418.069456	682.78668	2483.943004	13.804854
372479.840053	7646415.5	681.545452	2488.767	14.41383
372484.840053	7646415.5	680.261857	2493.767	14.637083
372489.840053	7646415.5	678.933815	2498.767	14.630706
372494.818258	7646415.380216	677.656722	2503.746646	15.061329
372499.497788	7646413.618967	676.248407	2508.746646	14.127941
372503.389056	7646410.48665	675.140962	2513.741981	10.917659
372508.137039	7646408.924819	674.320807	2518.740247	9.05867
372511.764998	7646405.680365	673.568133	2523.607337	4.822209
372514.228888	7646409.665907	673.514936	2528.292985	4.202404
372517.555536	7646413.320912	672.860721	2533.235216	9.427804
372521.577792	7646415.5	671.934737	2537.809816	11.87447
372525.96922	7646416.96922	670.925205	2542.440502	11.293658
372529.504134	7646420.505303	670.011513	2547.440451	11.771377
372532.417141	7646424.55765	668.84332	2552.431155	17.983278
372533.906647	7646429.294575	666.779831	2557.396746	23.041197
372537.133948	7646432.930944	664.663568	2562.258705	23.142525
372540.674949	7646436.39166	662.585654	2567.209992	20.897812
372544.051519	7646440.051519	660.871912	2572.18953	19.45562
372548.853924	7646440.821142	659.108675	2577.053213	20.770639
372553.402407	7646442.757273	657.152416	2581.996623	20.008407
372557.866623	7646443.192806	655.675408	2586.482034	14.323575
372562.394047	7646441.104527	654.734152	2591.467861	10.579728
372567.207129	7646440.871818	653.844185	2596.286566	8.720117
372572.181161	7646441.341143	653.22879	2601.282691	8.776172
372576.347446	7646443.647808	652.337716	2606.0449	11.300548
372580.588399	7646445.5	651.35245	2610.672674	11.30623
372585.588399	7646445.5	650.412866	2615.672674	11.412545
372590.585054	7646445.585264	649.334407	2620.670056	12.926956
372595.571631	7646445.946807	648.118356	2625.669722	15.337064
372600.531696	7646446.259953	646.600183	2630.639663	18.748025
372605.189105	7646448.074718	644.735023	2635.638145	20.724959
372609.87436	7646449.78511	642.821872	2640.625836	19.706179
372614.12795	7646452.412551	641.157937	2645.625483	16.001446
372618.530297	7646454.781337	639.95457	2650.624664	15.155467
372622.351182	7646457.980934	638.454081	2655.608296	12.631241
372626.493242	7646460.32119	637.771667	2660.365759	8.107162
372631.293373	7646458.93517	637.064723	2665.361988	7.256702
372635.687485	7646456.598557	636.501797	2670.338732	6.728501
372640.333133	7646455.889637	635.923188	2675.038159	7.606918
372645.057836	7646457.044178	635.224663	2679.90188	9.277224
372648.75335	7646460.412142	634.312016	2684.90188	10.717527
372653.297092	7646458.548748	633.348878	2689.812871	10.089169
372658.214395	7646457.695077	632.550213	2694.803725	10.389572
372663.179921	7646457.403184	631.521897	2699.777823	10.327365
372668.095463	7646458.025793	630.740979	2704.732638	11.398827
372672.795169	7646459.710962	629.516399	2709.725336	15.721263
372676.565739	7646462.565739	628.00442	2714.454707	16.999755
372680.318385	7646465.730879	626.569723	2719.363929	16.751894
372684.949903	7646467.496569	625.034859	2724.320604	16.817127
372688.910246	7646470.545164	623.56113	2729.318428	15.079747
372692.70535	7646473.70535	622.357661	2734.25701	13.563214
372696.896355	7646476.064656	621.209527	2739.066464	11.198422
372701.456217	7646475.5	620.495916	2743.661154	10.13604
372706.456217	7646475.5	619.494277	2748.661154	12.59445
372711.455887	7646475.535922	618.261781	2753.660953	15.80628
372716.454889	7646475.635379	616.663526	2758.660944	18.109196
372721.409011	7646475.548743	615.006362	2763.615824	18.871566
372726.355255	7646475.5	613.279127	2768.562308	19.670901
372731.355255	7646475.5	611.450817	2773.562308	19.468113
372736.355255	7646475.5	609.744317	2778.562308	17.852666
372741.303755	7646475.934093	608.240593	2783.529812	16.018492
372745.898993	7646477.690963	606.90586	2788.449446	12.919518
372749.859357	7646480.5	605.998369	2793.304873	10.172816
372754.859357	7646480.5	605.137469	2798.304873	9.949152
372759.859357	7646480.5	604.244301	2803.304873	9.440083
372764.859357	7646480.5	603.474841	2808.304873	11.041622
372769.817784	7646480.332219	602.300575	2813.266138	14.960004
372774.239352	7646477.997751	600.813262	2818.266138	15.826622
372779.083937	7646476.885607	599.474263	2823.236739	16.740194
372784.007625	7646476.263679	597.825592	2828.199549	16.188224
372787.347133	7646472.652867	596.605809	2833.117912	16.786056
372791.455387	7646470.5	594.942933	2837.756077	21.725578
372795.882667	7646469.117333	592.90963	2842.394243	19.915007
372799.418201	7646465.581799	591.451222	2847.394243	14.178042
372804.384319	7646465.5	590.391785	2852.361035	10.358818
372809.31855	7646464.701156	589.629711	2857.359513	8.339043
372814.086629	7646463.208806	588.926812	2862.355681	5.141232
372818.264341	7646460.515607	588.733	2867.326254	4.568464
372822.845224	7646462.499855	588.130771	2872.31842	6.713707
372827.413997	7646464.509779	587.557821	2877.309761	7.87118
372832.230418	7646465.731161	586.753825	2882.278633	8.893646
372837.172503	7646466.480657	585.998136	2887.277227	8.22256
372841.047694	7646469.232527	585.344738	2892.030109	6.993127
372845.287349	7646470.560945	584.870189	2896.473011	5.537606
372850.272179	7646470.950061	584.429262	2901.473005	6.517897
372855.091021	7646471.925785	583.737228	2906.389637	10.182052
372859.737654	7646473.639684	582.656745	2911.342277	12.090267
372864.253635	7646475.765502	581.607261	2916.333589	11.840649
372868.733786	7646477.934025	580.566859	2921.310962	11.838457
372873.588084	7646479.103118	579.5174	2926.304056	11.365951
372878.519449	7646479.884923	578.559555	2931.29701	11.068061
372883.393204	7646480.995918	577.562943	2936.295789	11.249027
372888.092007	7646479.555672	576.5879	2941.210364	11.783056
372892.503311	7646477.217731	575.496356	2946.202917	12.665651
372896.929037	7646474.962494	574.349713	2951.170123	13.537663
372901.663769	7646473.752879	573.123838	2956.056928	15.290731
372906.020948	7646471.311793	571.648327	2961.051315	16.973979
372910.286389	7646468.738156	570.078883	2966.033042	15.055396
372914.228366	7646465.664792	568.963878	2971.031516	13.595717
372918.744312	7646463.566403	567.665782	2976.011175	15.886904
372923.224242	7646461.36742	566.126349	2981.001696	17.96602
372925.347229	7646457.165391	564.521038	2985.709574	15.136978
372927.07761	7646452.92239	563.613317	2990.291854	12.596423
372931.02558	7646450.111688	562.414185	2995.138141	13.701384
372935.069257	7646447.699963	561.283995	2999.846405	11.456418
372938.732999	7646445.5	560.593993	3004.119909	10.87491
372943.716051	7646445.121594	559.502964	3009.117308	14.076466
372948.702899	7646444.761122	558.087297	3014.117168	16.764927
372953.60149	7646443.784846	556.492129	3019.112096	17.4773
372958.412228	7646442.443592	554.942182	3024.106309	17.899138
372963.250926	7646441.210467	553.2665	3029.099664	19.126763
372968.002749	7646440.5	551.544303	3033.904306	18.96976
372973.002749	7646440.5	549.896385	3038.904306	16.152658
372977.922677	7646439.755332	548.655044	3043.880271	12.667907
372982.816662	7646438.733099	547.654232	3048.879876	14.552379
372987.620748	7646437.348631	546.059399	3053.879475	14.826899
372992.31784	7646435.643358	545.00806	3058.876537	14.429986
372997.291126	7646435.5	543.493433	3063.851889	16.679752
373002.291126	7646435.5	542.019247	3068.851889	17.817878
373007.291126	7646435.5	540.279443	3073.851889	19.667933
373012.291126	7646435.5	538.445156	3078.851889	17.150617
373017.291126	7646435.5	537.193465	3083.851889	12.871611
373021.918143	7646434.106095	536.198427	3088.684306	10.764756
373026.446897	7646432.107018	535.333596	3093.634651	11.73325
373031.435315	7646431.768347	534.13187	3098.634553	13.768326
373036.386819	7646431.120103	532.88485	3103.62831	12.147771
373040.746729	7646431.746729	532.108877	3108.033021	8.614555
373044.282263	7646435.282263	531.46012	3113.033021	4.089972
373047.817797	7646432.182203	531.415144	3117.735188	1.435462
373052.121006	7646430.5	531.226516	3122.355514	4.191958
373056.353331	7646428.646669	530.737877	3126.97584	6.972765
373059.932137	7646425.159869	530.050386	3131.972401	9.709191
373064.281107	7646423.141684	529.062705	3136.766836	9.65086
373069.161073	7646423.780755	528.398213	3141.68847	12.54888
373073.831952	7646425.452904	526.86296	3146.649639	19.512422
373077.796409	7646422.432041	524.874049	3151.633867	14.750875
373082.170605	7646420.792938	524.320815	3156.305082	10.53702
373087.096133	7646421.64712	523.075363	3161.304128	12.452693
373091.538484	7646420.5	522.203771	3165.892195	11.084882
373096.459752	7646419.938941	521.206121	3170.845342	11.377886
373101.24849	7646418.503211	520.201057	3175.844675	12.071289
373105.387923	7646415.809742	519.080888	3180.783267	14.637184
373109.664804	7646413.252548	517.609861	3185.766333	15.098821
373113.984506	7646410.734577	516.387553	3190.766333	10.169936
373114.56802	7646406.065827	515.868952	3195.471406	9.956492
373119.010835	7646405.5	514.775444	3199.950107	15.820838
373121.157097	7646401.304567	513.264561	3204.662655	14.276384
373125.556345	7646400.5	512.438381	3209.13487	9.019127
373130.556345	7646400.5	511.761113	3214.13487	8.334428
373134.5	7646399.443655	511.107826	3218.21755	2.105982
373134.5	7646396.556345	511.504814	3221.10486	1.747476
373135.246949	7646401.246949	510.874838	3225.854565	6.119746
373138.782483	7646404.782483	510.459504	3230.854565	2.698129
373139.5	7646409.485277	510.415032	3235.611781	1.830207
373143.485277	7646410.5	510.176091	3239.724213	3.696306
373147.318017	7646407.681983	509.842049	3244.48143	5.924404
373151.414209	7646405.5	509.200852	3249.122534	9.44104
373156.414209	7646405.5	508.238927	3254.122534	10.59299
373160.85355	7646406.85355	507.397844	3258.763638	11.249831
373164.389084	7646410.389084	506.32128	3263.763638	11.081059
373169.084119	7646408.937349	505.456187	3268.677993	12.551183
373173.977003	7646407.968679	504.116799	3273.665842	10.08431
373178.631653	7646406.152899	503.680617	3278.662122	4.125816
373182.253072	7646408.253072	503.454442	3282.848458	5.095291
373186.322363	7646410.498609	502.892951	3287.496207	10.398921
373191.322362	7646410.494838	501.68399	3292.496207	14.883812
373196.29733	7646410.225865	500.239985	3297.478441	15.343672
373200.826196	7646409.796859	499.068771	3302.02758	15.483951
373205.265155	7646407.496783	497.594883	3307.027051	17.821529
373209.82255	7646405.441523	495.854444	3312.026445	18.334095
373214.236207	7646403.092347	494.281435	3317.026345	13.91168
373218.222392	7646400.5	493.438316	3321.781335	10.815499
373223.222392	7646400.5	492.417893	3326.781335	12.097493
373228.222392	7646400.5	491.295024	3331.781335	11.028285
373233.222392	7646400.5	490.469025	3336.781335	6.741504
373237.132128	7646403.132128	490.146888	3341.494523	2.96446
373240.32847	7646406.928463	489.967964	3346.45726	4.116452
373243.37695	7646410.789461	489.435696	3351.376663	8.463924
373248.106904	7646412.293203	488.497399	3356.339899	11.506672
373253.087176	7646411.993098	487.409683	3361.329205	10.4225
373257.997734	7646411.060944	486.66034	3366.327454	9.233785
373262.926739	7646410.572865	485.79194	3371.280565	10.547933
373267.020316	7646412.842777	484.866517	3375.961363	10.048031
373271.069553	7646415.5	484.104409	3380.804622	11.807581
373276.069553	7646415.5	482.808856	3385.804622	16.494606
373281.069553	7646415.5	481.143391	3390.804622	17.584757
373286.069553	7646415.5	479.639697	3395.804622	15.933417
373291.069553	7646415.5	478.288598	3400.804622	15.912992
373296.069553	7646415.5	476.788759	3405.804622	17.799274
373301.069553	7646415.5	475.07819	3410.804622	18.693486
373305.609842	7646414.390158	473.515631	3415.47859	14.624466
373309.145376	7646410.854624	472.553976	3420.47859	13.035397
373313.99436	7646410.692621	471.234847	3425.330279	13.522675
373318.990126	7646410.898315	470.184744	3430.330278	13.261621
373323.383396	7646408.638203	468.892105	3435.270817	18.104617
373327.265897	7646405.553723	466.948422	3440.229429	21.961158
373330.566526	7646401.85897	464.894963	3445.183756	20.135808
373334.93012	7646399.77984	463.359724	3450.017361	14.23101
373338.197817	7646396.002711	462.402498	3455.011812	11.83223
373342.880257	7646394.56757	461.287457	3459.909248	10.625114
373344.71443	7646390.811436	460.699628	3464.089288	6.726509
373347.892797	7646393.892797	460.272375	3468.516114	4.844007
373352.227071	7646395.5	459.932743	3473.13878	4.951466
373356.702149	7646397.108557	459.459929	3477.894175	7.044804
373360.973779	7646399.565651	458.736134	3482.822068	10.411521
373365.886924	7646400.472277	457.636529	3487.818163	10.686047
373370.883511	7646400.498221	456.850561	3492.814817	8.440482
373375.820207	7646400.909617	456.160032	3497.768626	10.051367
373380.683155	7646401.500621	455.104237	3502.667355	10.662544
373385.577477	7646402.479155	454.298065	3507.658539	12.409744
373389.610677	7646400.347198	453.002191	3512.22055	13.935939
373392.529883	7646396.287933	451.925428	3517.220489	11.776538
373395.684576	7646392.50113	450.932298	3522.149177	14.828232
373398.846763	7646388.636168	449.298662	3527.142909	19.175004
373401.923937	7646384.703071	447.45926	3532.136731	17.968738
373404.659222	7646380.532715	446.061705	3537.12408	14.922046
373408.089384	7646376.910616	444.80085	3542.112627	14.006568
373412.253866	7646374.297182	443.590944	3547.029227	12.766581
373416.733459	7646373.266541	442.645398	3551.625854	14.814346
373420.356658	7646369.830046	441.054579	3556.619556	15.442182
373424.419102	7646366.922775	439.886067	3561.615122	10.591546
373427.338495	7646363.338495	439.256081	3566.237883	1.505294
373425.197039	7646359.802961	439.655973	3570.371384	-0.789772
373428.732573	7646356.267427	439.381983	3575.371384	5.921792
373433.414695	7646355.5	438.645251	3580.115982	9.534516
373438.331624	7646354.697819	437.748344	3585.097918	11.635013
373443.303561	7646354.309038	436.592612	3590.085033	15.011465
373448.233355	7646353.65508	435.077491	3595.058012	11.067692
373450.089218	7646350.5	434.90391	3598.718443	7.771338
373454.941637	7646350.890045	433.913612	3603.586513	9.786871
373458.689289	7646354.199894	433.201778	3608.586513	12.63683
373463.261147	7646354.099351	431.767405	3613.159476	20.448914
373468.164244	7646353.158704	429.635226	3618.151989	23.369228
373473.00403	7646351.922291	427.451836	3623.147211	19.596491
373477.899086	7646352.491134	426.102524	3628.075208	13.971432
373482.726683	7646353.205708	425.011648	3632.955403	13.813999
373487.599874	7646352.166827	423.677484	3637.9381	16.624034
373492.291407	7646350.5	422.037529	3642.916934	17.537606
373497.257356	7646350.06533	420.528827	3647.901871	14.111097
373502.207723	7646349.366415	419.527643	3652.901332	10.753202
373507.073352	7646348.248219	418.631279	3657.893797	10.25528
373511.666669	7646347.666669	417.786757	3662.523782	8.590729
373515.493065	7646350.5	417.212592	3667.284987	8.597101
373520.202203	7646351.202203	416.347164	3672.046192	11.720741
373523.737737	7646354.737737	415.18752	3677.046192	12.58111
373527.921074	7646357.417561	414.122553	3682.014266	12.79224
373532.231225	7646359.943895	412.925231	3687.010241	12.243417
373537.060455	7646360.773888	411.975175	3691.910277	10.568961
373542.033739	7646361.285873	411.078177	3696.909846	9.136699
373546.678335	7646362.678335	410.391293	3701.758682	7.093546
373550.509563	7646365.5	409.882697	3706.516844	7.485906
373555.399256	7646365.958864	409.120758	3711.42802	10.305796
373559.868684	7646368.196534	408.080859	3716.426316	12.475502
373564.750616	7646369.056235	406.918243	3721.383366	14.548736
373569.648008	7646369.743457	405.511009	3726.328739	14.751489
373574.219501	7646368.075091	404.334822	3731.195154	14.201659
373579.06571	7646366.868524	403.015675	3736.189306	9.621986
373579.5	7646362.206127	402.694355	3740.871886	5.072421
373581.82912	7646358.17088	402.186501	3745.531072	7.788608
373585.364654	7646356.364654	401.51406	3749.501268	7.925411
373588.900188	7646359.900188	400.937766	3754.501268	8.936391
373592.52101	7646357.652119	400.057694	3758.763212	13.45963
373596.750759	7646355.516696	398.783788	3763.50144	13.854165
373601.75005	7646355.5	397.656234	3768.500759	13.836172
373606.75005	7646355.499865	396.3211	3773.500759	15.179393
373611.75005	7646355.499618	394.943239	3778.500759	15.226378
373616.091285	7646353.908715	393.70176	3783.124318	13.351602
373619.679208	7646350.507136	392.672515	3788.068397	11.784017
373624.675339	7646350.703179	391.627296	3793.068374	11.814409
373629.665356	7646350.716737	390.582934	3798.058409	11.843851
373634.347371	7646349.076449	389.540524	3803.019438	12.457376
373634.557262	7646345.442738	388.682953	3806.659206	15.355754
373638.092796	7646341.907204	387.167986	3811.659206	15.228383
373640.310144	7646337.601166	386.003404	3816.502614	12.256483
373643.891521	7646335.5	385.213831	3820.654861	11.616886
373648.891521	7646335.5	384.121963	3825.654861	12.893728
373653.891521	7646335.5	382.924747	3830.654861	16.120316
373658.72032	7646336.714232	381.237894	3835.633983	21.133125
373663.495347	7646338.152277	379.072695	3840.620852	20.747606
373668.272887	7646339.272887	377.489958	3845.528057	17.454705
373672.66859	7646341.285911	376.009641	3850.362771	16.887159
373677.231606	7646340.5	374.616703	3854.992973	14.586508
373681.651241	7646338.8166	373.574081	3859.72235	9.182643
373685.700141	7646336.700141	373.11368	3864.291047	10.271035
373689.235675	7646340.235675	371.840203	3869.291047	12.616191
373694.126188	7646340.5	370.898423	3874.188698	11.10327
373699.126188	7646340.5	369.897833	3879.188698	11.901678
373704.126188	7646340.5	368.790851	3884.188698	14.125048
373707.771209	7646343.771209	367.407192	3889.086349	16.056007
373712.05512	7646345.5	366.05184	3893.70594	16.968844
373716.338446	7646347.274473	364.582961	3898.342279	17.04416
373719.805472	7646350.805472	363.113455	3903.290836	11.09203
373723.341006	7646354.341006	362.632628	3908.290836	4.749882
373727.860935	7646355.5	362.310303	3912.956994	6.57135
373732.860935	7646355.5	361.519146	3917.956994	12.618088
373737.860935	7646355.5	360.071791	3922.956994	16.935891
373742.673546	7646356.606566	358.492987	3927.895183	17.485941
373747.522662	7646357.727961	356.948288	3932.872276	21.712627
373752.458037	7646357.977725	354.543419	3937.813967	23.845253
373757.200743	7646358.754	352.640069	3942.619782	21.371504
373761.868544	7646357.024306	350.714931	3947.597754	16.399575
373765.629573	7646356.629573	350.062112	3951.379441	6.405664
373769.165107	7646360.165107	349.729057	3956.379441	2.962155
373771.201044	7646364.503222	349.55543	3961.171547	3.180756
373771.122207	7646369.480564	349.186133	3966.149514	6.042045
373771.137334	7646374.457049	348.501818	3971.126022	7.115194
373769.683033	7646379.233542	347.94172	3976.119004	5.747275
373772.117665	7646383.117665	347.537946	3980.703091	5.241777
373774.5	7646387.13087	347.093024	3985.370138	6.179504
373776.13087	7646390.5	346.627383	3989.113235	7.696947
373781.13087	7646390.5	345.911421	3994.113235	8.84386
373785.680698	7646391.625029	345.12023	3998.800091	12.15214
373789.300539	7646395.074196	343.82558	4003.800091	15.923614
373794.207076	7646395.5	342.28869	4008.72507	17.02654
373799.207076	7646395.5	340.786277	4013.72507	13.568291
373804.190822	7646395.890831	339.875597	4018.724118	10.912831
373809.077296	7646395.922704	338.880367	4023.610695	13.895067
373813.902206	7646395.5	337.468636	4028.454086	15.672445
373818.902206	7646395.5	336.118708	4033.454086	14.963374
373823.736865	7646396.695152	334.80137	4038.434279	14.912066
373828.505325	7646398.197637	333.46113	4043.433846	14.047718
373833.134408	7646400.077625	332.300359	4048.430121	12.32112
373837.941999	7646401.394827	331.281122	4053.414893	11.966378
373842.872408	7646402.181559	330.185748	4058.407676	16.758381
373847.841837	7646402.065639	328.280934	4063.378457	22.586844
373852.736144	7646401.045115	326.038312	4068.378028	21.791607
373857.66393	7646400.890902	324.311126	4073.308226	16.394369
373862.63528	7646401.424098	323.116888	4078.308088	13.397347
373867.594652	7646402.032989	321.930192	4083.304699	15.265109
373872.464187	7646402.989732	320.398949	4088.267332	15.555487
373876.088974	7646406.085388	319.221922	4093.03411	13.616265
373879.992013	7646408.998815	318.064622	4097.90461	11.027924
373883.149272	7646412.818939	317.306937	4102.860579	9.435093
373885.870452	7646416.907215	316.42498	4107.771671	9.810564
373888.756344	7646420.98273	315.594233	4112.765486	9.718951
373892.311998	7646422.688002	314.894312	4116.708915	9.350552
373896.405698	7646420.5	314.180622	4121.350653	9.567521
373901.405698	7646420.5	313.269205	4126.350653	8.59281
373906.318765	7646421.069015	312.677766	4131.296561	8.243951
373911.14146	7646422.353301	311.829569	4136.28733	12.101697
373915.953776	7646423.62927	310.540274	4141.265932	13.466273
373920.696927	7646424.910734	309.460985	4146.179143	9.850488
373925.666748	7646424.380237	308.819358	4151.177197	7.501707
373930.556386	7646424.859745	308.155896	4156.09029	11.164097
373935.54653	7646425.167294	306.863103	4161.089902	14.212752
373940.473902	7646425.84217	305.630058	4166.063277	12.739502
373945.147068	7646427.600305	304.609943	4171.056224	10.835705
373949.561508	7646429.942327	303.717934	4176.053458	8.418194
373952.959564	7646427.394168	303.241864	4180.300797	6.703507
373957.122005	7646425.5	302.681247	4184.873957	6.553591
373961.354038	7646427.354038	302.185717	4189.494299	5.185634
373964.975819	7646430.22228	301.842674	4194.114268	4.592311
373969.294088	7646427.701853	301.413035	4199.114268	6.303416
373973.518036	7646425.175963	300.746756	4204.035839	7.88864
373978.362526	7646423.938764	300.038352	4209.035814	8.447475
373983.25368	7646422.940895	299.262867	4214.02772	9.863818
373988.156036	7646422.406041	298.312959	4218.959166	10.382303
373993.100086	7646423.078625	297.445239	4223.948755	10.080367
373997.978666	7646424.162559	296.537563	4228.9463	12.006598
374002.854159	7646424.05495	295.345283	4233.822981	13.806373
374007.759752	7646423.444155	294.124418	4238.766452	13.023235
374012.224679	7646425.5	293.065019	4243.681946	8.644349
374017.224679	7646425.5	292.617035	4248.681946	5.498875
374022.224679	7646425.5	292.102355	4253.681946	6.3605
374027.216563	7646425.289857	291.50278	4258.678251	7.238624
374032.209082	7646425.053418	290.832959	4263.676365	9.182582
374036.123589	7646427.405379	289.956643	4268.243101	10.878603
374039.681962	7646430.532167	289.045006	4272.980065	10.090213
374044.593371	7646431.436683	288.22506	4277.974071	9.637018
374048.788489	7646434.13604	287.350001	4282.962612	8.422375
374053.395259	7646435.5	286.775093	4287.76706	8.438465
374058.237946	7646436.595812	285.900697	4292.73218	10.637012
374062.948208	7646438.248285	284.90512	4297.723897	10.573452
374067.029675	7646440.5	284.09885	4302.385291	8.37528
374071.28875	7646442.28875	283.538776	4307.004744	6.597027
374074.5	7646445.958607	283.000666	4311.881216	3.676565
374074.844694	7646450.802501	282.913412	4316.737358	4.873257
374078.602748	7646454.100535	282.160356	4321.737358	9.121922
374082.93686	7646455.5	281.379333	4326.291809	9.904365
374087.93686	7646455.5	280.492137	4331.291809	11.981148
374092.251138	7646457.559913	279.303782	4336.072629	13.450331
374096.262125	7646460.5	278.159431	4341.04577	11.778318
374101.262125	7646460.5	277.224286	4346.04577	11.019826
374106.262125	7646460.5	276.212095	4351.04577	12.594719
374111.262125	7646460.5	274.990057	4356.04577	13.046364
374116.262125	7646460.5	273.894959	4361.04577	10.491215
374121.262125	7646460.5	273.138308	4366.04577	8.34727
374126.262125	7646460.5	272.427734	4371.04577	8.197677
374131.262125	7646460.5	271.697743	4376.04577	8.262218
374136.262125	7646460.5	270.975669	4381.04577	8.239914
374141.261881	7646460.470673	270.249675	4386.045612	8.970199
374146.261366	7646460.401461	269.397234	4391.045576	10.409353
374151.255792	7646460.232754	268.413207	4396.04285	10.347314
374156.241833	7646459.860974	267.571968	4401.042733	9.774357
374161.146218	7646459.034143	266.695137	4406.016327	11.446448
374166.045858	7646458.050127	265.553096	4411.013802	11.917755
374170.345302	7646455.786039	264.614894	4415.872949	9.071168
374175.152342	7646456.223271	264.00669	4420.699833	6.850097
374179.924615	7646457.290357	263.447628	4425.589952	7.45929
374183.754001	7646460.502623	262.712043	4430.588236	7.935744
374188.212481	7646462.703945	262.057795	4435.560546	7.730299
374192.865663	7646463.210879	261.401743	4440.24126	8.83566
374197.710685	7646462.396968	260.566553	4445.154171	9.044325
374202.582484	7646462.452715	259.844233	4450.026289	12.393121
374206.356892	7646459.219737	258.403985	4454.996027	15.970876
374210.050954	7646455.922055	257.004809	4459.947875	12.783137
374215.049127	7646455.801147	256.146213	4464.947511	7.914814
374219.961814	7646455.81472	255.626787	4469.860216	5.873251
374224.1593	7646458.53154	255.126541	4474.860216	6.342986
374228.594728	7646460.5	254.531598	4479.712829	7.528999
374233.592841	7646460.375699	253.824431	4484.712488	8.165488
374238.588574	7646460.170705	253.096825	4489.712425	7.149016
374243.48111	7646460.96508	252.575664	4494.669031	6.406532
374248.397237	7646461.868062	251.97908	4499.667399	6.392994
374249.84865	7646465.15135	251.61344	4503.257187	4.059434
374253.384184	7646461.615816	251.369487	4508.257187	4.486469
374257.921998	7646460.5	250.85448	4512.930173	5.902325
374262.793867	7646459.572363	250.373712	4517.88957	4.76022
374267.683467	7646458.57205	250.025914	4522.880442	6.811695
374272.316842	7646456.693999	249.180396	4527.879967	9.09828
374276.59695	7646454.164198	248.429115	4532.851809	8.036917
374279.674568	7646450.674568	247.821447	4537.504684	9.089841
374281.309181	7646446.104656	246.908221	4542.358142	10.351317
374283.866087	7646441.835485	246.026034	4547.334445	10.084952
374287.169718	7646438.143059	245.142004	4552.289038	9.233724
374291.030304	7646435.42207	244.452787	4557.012162	8.672917
374295.765624	7646434.387638	243.682243	4561.859152	9.098317
374299.612129	7646431.201553	242.876752	4566.853822	10.282471
374302.68785	7646427.31215	241.876631	4571.812402	11.521152
374306.705913	7646424.463636	240.862109	4576.737731	12.258913
374311.102008	7646422.103943	239.72239	4581.7271	12.017268
374315.454919	7646419.726728	238.744292	4586.686836	10.083176
374319.624109	7646416.973978	237.952076	4591.682812	8.422759
374324.459966	7646417.521475	237.283931	4596.549564	7.541249
374329.25171	7646418.946397	236.646022	4601.548685	7.011722
374334.071422	7646420.276212	236.054178	4606.548488	6.355895
374338.22641	7646417.886967	235.555253	4611.341443	6.762648
374342.661207	7646415.628956	234.895729	4616.317992	7.808929
374347.636059	7646415.5	234.190312	4621.294514	8.540819
374352.636059	7646415.5	233.397505	4626.294514	11.217563
374356.717528	7646417.717528	232.27754	4630.939493	13.675576
374360.564991	7646420.5	231.112014	4635.687663	11.631249
374365.253062	7646421.253062	230.322883	4640.435832	10.443724
374368.788596	7646424.788596	229.315254	4645.435832	11.07931
374373.467706	7646425.956874	228.399477	4650.258585	14.916498
374378.232399	7646427.436878	226.701534	4655.247844	17.691829
374381.637642	7646430.5	225.347067	4659.828062	11.795549
374386.637642	7646430.5	224.70096	4664.828062	8.447641
374391.637642	7646430.5	223.861942	4669.828062	11.122485
374396.637642	7646430.5	222.735022	4674.828062	11.265639
374401.281694	7646431.681135	221.911493	4679.619962	7.93752
374405.594268	7646434.129763	221.37547	4684.579204	8.667556
374410.572873	7646434.531669	220.394124	4689.574004	12.9239
374415.518309	7646435.014141	219.08917	4694.542919	15.484064
374420.515667	7646434.851778	217.632572	4699.542914	16.639587
374425.452739	7646434.30093	216.110262	4704.510622	16.05654
374430.295012	7646433.063975	214.764462	4709.508387	14.138608
374435.212527	7646433.405106	213.609711	4714.43772	14.313464
374440.138942	7646434.256497	212.231242	4719.437163	15.690785
374444.709358	7646435.558295	210.870426	4724.18936	9.148212
374445.31298	7646440.5	210.664295	4729.167795	3.687251
374450.067043	7646441.082579	210.240955	4733.957421	1.169674
374453.554481	7646444.665563	210.464421	4738.957421	0.212255
374454.5	7646449.202223	210.205266	4743.591565	2.533683
374454.5	7646454.202223	210.038124	4748.591565	5.393304
374458.202223	7646455.5	209.362862	4752.51466	6.641155
374463.202223	7646455.5	208.999221	4757.51466	8.53135
374466.794028	7646458.405837	207.919796	4762.13472	13.786724
374470.779178	7646460.5	206.760967	4766.636602	11.137644
374475.779178	7646460.5	206.049173	4771.636602	7.259955
374480.404516	7646461.404516	205.523646	4776.349552	7.243017
374483.940049	7646464.940049	204.81477	4781.349552	7.476337
374488.70811	7646465.5	204.237499	4786.15038	5.108005
374493.707405	7646465.577023	203.938725	4791.150268	6.608896
374494.5	7646469.798805	203.16055	4795.445806	7.710001
374498.797638	7646470.600187	202.76536	4799.817522	3.229639
374499.5	7646474.914007	202.667256	4804.188147	2.188424
374503.914007	7646475.5	202.428196	4808.640882	2.649955
374508.914007	7646475.5	202.229763	4813.640882	4.545498
374513.907701	7646475.735874	201.633271	4818.640143	8.7118
374518.904441	7646475.913348	200.697616	4823.640034	11.71442
374523.892834	7646476.012414	199.562034	4828.62941	12.100335
374528.887408	7646476.235187	198.556182	4833.62895	10.679488
374533.789553	7646475.426432	197.682322	4838.597362	8.429315
374538.785806	7646475.235122	197.07902	4843.597275	7.520926
374543.288934	7646473.209593	196.370357	4848.534981	7.695679
374547.682738	7646473.295013	195.817993	4852.929615	7.981119
374552.181086	7646475.154807	195.071779	4857.79726	8.103696
374557.153626	7646475.5	194.415218	4862.781767	5.598821
374561.376397	7646477.376397	194.130189	4867.40266	3.621606
374565.072152	7646480.609615	193.811967	4872.313089	5.717074
374569.967763	7646481.611487	193.138336	4877.310163	11.985656
374574.317528	7646483.973895	191.700341	4882.260055	15.572743
374577.861828	7646485.770448	190.6515	4886.233676	12.645327
374579.5	7646489.258768	189.944249	4890.087504	10.93307
374582.157851	7646493.157851	188.995591	4894.806297	13.476911
374585.677391	7646496.709167	187.61521	4899.806198	10.553566
374584.738017	7646500.261983	187.379469	4903.481103	4.901701
374587.797517	7646503.797517	186.899097	4908.156629	4.973635
374589.5	7646508.092325	186.570555	4912.776567	3.839854
374591.333051	7646512.333051	186.278948	4917.396505	4.354009
374595.021257	7646515.5	185.848689	4922.257825	3.112325
374600.021257	7646515.5	185.742766	4927.257825	0.045404
374605.021257	7646515.5	185.840765	4932.257825	1.030515
374609.655264	7646515.997597	185.568998	4936.918471	10.973367
374611.343642	7646520.5	184.00476	4941.727032	11.082954
374616.334063	7646520.68769	183.648908	4946.720981	4.902072
374621.205003	7646521.641263	183.150777	4951.684382	5.042467
374625.074657	7646524.509108	182.785998	4956.500891	3.885926
374627.627676	7646528.804424	182.484217	4961.497655	3.131955
374629.5	7646533.171547	182.25261	4966.249219	3.284363
374632.171187	7646535.54382	182.006546	4969.821742	4.889989
374634.5	7646538.252897	181.641344	4973.394201	5.376871
374637.2422	7646540.742448	181.321729	4977.097919	4.451463
374642.23186	7646541.033571	180.96393	4982.096065	5.543683
374646.671103	7646542.933178	180.367987	4986.924665	10.965579
374650.457129	7646546.168595	179.063474	4991.904818	14.631856
374654.355068	7646549.28438	177.765066	4996.895012	12.434709
374658.554412	7646550.5	176.999232	5001.266765	11.264899
374663.221976	7646552.10784	175.911033	5006.203496	13.97841
374667.754378	7646554.197685	174.528019	5011.194499	17.491168
374671.884257	7646557.000705	172.765423	5016.185774	19.356894
374675.411672	7646560.437016	171.044611	5021.110293	16.034306
374680.114931	7646561.124913	169.984168	5025.863592	11.301749
374683.621887	7646564.688797	169.095459	5030.863592	9.793464
374687.573193	7646567.709374	168.262651	5035.837193	9.456673
374691.573254	7646570.707185	167.434463	5040.835929	9.864224
374695.452847	7646573.848327	166.525504	5045.827723	9.374546
374699.268245	7646577.066732	165.78634	5050.819256	7.348639
374704.049953	7646578.415724	165.241057	5055.787607	8.909409
374708.655635	7646580.359023	164.223885	5060.786478	12.545153
374713.135325	7646578.424449	163.042958	5065.666047	9.388797
374716.234887	7646576.286726	162.794523	5069.431302	7.01052
374719.212725	7646580.212725	161.974024	5074.358877	10.615507
374723.309693	7646583.064353	160.935461	5079.350563	10.063817
374726.968572	7646585.5	160.308091	5083.745989	7.021892
374731.245544	7646587.245544	159.825109	5088.365449	5.884449
374734.897504	7646590.5	159.327851	5093.257105	6.890568
374739.781078	7646590.781078	158.642867	5098.148761	7.719707
374743.316612	7646594.316612	157.987022	5103.148761	9.126319
374747.660783	7646596.536644	157.055971	5108.027323	13.574239
374752.276685	7646598.451097	155.602604	5113.02449	17.253211
374756.995526	7646599.724361	153.986157	5117.912093	16.183987
374761.995019	7646599.662155	152.73311	5122.911974	15.095986
374766.754954	7646600.802609	151.317233	5127.806625	12.702626
374771.07506	7646603.166565	150.519843	5132.731217	10.154304
374774.774013	7646600.774013	149.646254	5137.136504	9.267976
374778.309547	7646604.309547	148.985111	5142.136504	7.687395
374781.845081	7646603.154919	148.469348	5145.8558	7.028871
374785.388466	7646599.627307	147.910093	5150.855763	5.933793
374788.938439	7646599.938439	147.579313	5154.419344	1.298974
374789.903511	7646604.686431	147.71943	5159.264423	0.051261
374792.330284	7646608.330284	147.571061	5163.642424	2.810221
374796.431558	7646610.5	147.276784	5168.282264	3.996172
374801.431558	7646610.5	146.897645	5173.282264	5.372681
374806.431558	7646610.5	146.336344	5178.282264	7.651284
374810.865818	7646611.865818	145.602672	5182.922104	9.126747
374814.401352	7646615.401352	144.787723	5187.922104	5.487147
374814.5	7646620.36049	144.645904	5192.882224	5.086809
374819.36049	7646620.5	143.913383	5197.744716	5.307961
374824.36049	7646620.5	143.729634	5202.744716	7.472984
374826.333257	7646625.001503	142.612869	5207.659524	12.755403
374829.129695	7646629.114151	141.491266	5212.632847	15.346707
374832.671864	7646632.528272	139.897865	5217.55252	15.113207
374836.300394	7646635.5	138.896044	5222.242658	8.09103
374840.773071	7646636.773071	138.570052	5226.892986	4.727157
374844.308605	7646640.308605	138.098061	5231.892986	2.665836
374849.229326	7646640.5	138.107971	5236.817428	3.753593
374854.10269	7646641.587093	137.447423	5241.810568	7.764118
374854.8852	7646646.16983	136.793344	5246.459633	8.87215
374857.378219	7646650.503949	135.941274	5251.459606	10.248197
374860.003558	7646654.552724	135.016991	5256.285057	11.063689
374864.796538	7646655.924246	134.022985	5261.270409	13.022164
374868.625755	7646659.128831	132.70926	5266.26363	14.298209
374873.003795	7646661.376479	131.496214	5271.184927	13.491919
374877.857726	7646662.538193	130.331076	5276.175942	13.716943
374882.576982	7646664.059619	129.067755	5281.13438	11.159634
374887.46463	7646663.946652	128.388507	5286.023334	7.934254
374892.4119	7646663.365529	127.692173	5291.004616	11.921871
374897.257621	7646664.385121	126.291376	5295.956443	16.110687
374902.257038	7646664.461505	124.817804	5300.956443	15.035571
374906.834596	7646665.5	123.687537	5305.650323	12.419186
374911.834596	7646665.5	122.683128	5310.650323	9.18484
374915.623679	7646663.453616	122.182806	5314.956695	4.109427
374918.87592	7646660.5	122.058109	5319.349976	1.985659
374923.87592	7646660.5	121.857149	5324.349976	4.164502
374928.831679	7646661.120674	121.330407	5329.344451	8.479353
374933.708713	7646662.098817	120.371044	5334.318607	10.216315
374934.573861	7646666.614478	119.60538	5338.916397	8.711298
374935.638652	7646671.162008	118.950965	5343.586922	7.964492
374939.598743	7646674.203871	118.253334	5348.580444	6.43018
374943.851728	7646676.447037	117.84632	5353.388736	6.621593
374948.60779	7646677.845147	117.119721	5358.346037	9.893278
374951.860119	7646680.5	116.249563	5362.544357	9.709468
374956.860119	7646680.5	115.545906	5367.544357	8.30942
374961.860119	7646680.499126	114.789085	5372.544357	9.15727
374966.860119	7646680.497713	113.93396	5377.544357	11.430041
374971.847344	7646680.254706	112.768723	5382.537499	14.221513
374975.591364	7646677.917086	111.549938	5386.951358	13.113973
374979.381479	7646675.5	110.693281	5391.446609	6.644737
374982.951727	7646678.951727	110.44778	5396.412602	4.194981
374987.310412	7646680.5	109.989791	5401.038105	6.227793
374992.310412	7646680.5	109.397423	5406.038105	7.324522
374997.302522	7646680.289556	108.704893	5411.034649	8.163719
375002.261622	7646679.685303	107.964008	5416.030427	7.444107
375006.903928	7646678.346272	107.420889	5420.861991	7.599665
375010.806675	7646676.806675	106.759637	5425.05744	7.490064
375014.342208	7646680.342208	106.211944	5430.05744	7.497522
375019.276849	7646680.5	105.451861	5434.994603	8.234753
375023.121439	7646683.615039	104.781368	5439.942768	7.363784
375027.312134	7646685.5	104.218577	5444.537875	7.168704
375032.312134	7646685.5	103.574584	5449.537875	7.67775
375036.488479	7646687.488479	102.920993	5454.163446	7.77445
375039.98957	7646691.056328	102.260632	5459.162164	7.958673
375043.273388	7646694.8267	101.523172	5464.16208	6.502411
375047.605313	7646697.171388	101.129354	5469.087842	3.949407
375052.159587	7646698.159587	100.861378	5473.748094	3.098083
375055.130789	7646702.068034	100.611407	5478.657677	3.593868
375058.136981	7646705.652042	100.259236	5483.335529	5.323409
375062.917074	7646707.071633	99.710922	5488.321964	4.592887
375067.616154	7646705.5	99.460638	5493.276899	2.925998
375071.703454	7646707.703454	99.220339	5497.920306	2.417583
375074.936854	7646711.449402	99.055684	5502.86874	1.972385
375075.544245	7646716.134729	98.887229	5507.593274	1.925024
375078.769666	7646719.769666	98.733563	5512.452915	1.064654
375082.3052	7646717.6948	98.720741	5516.552314	0.535462
375085.840734	7646716.840734	98.66126	5520.189542	1.684072
375089.376268	7646720.376268	98.466804	5525.189542	2.315738
375092.911802	7646717.088198	98.263827	5530.017731	2.441965
375094.5	7646712.746051	98.063739	5534.641216	2.108298
375096.447336	7646708.552664	97.923425	5539.264701	1.36922
375100.17575	7646705.40157	97.836554	5544.146346	0.666551
375104.5	7646703.972206	97.813649	5548.700709	-0.284299
375105.580314	7646701.580314	97.872175	5551.325252	-0.001443
375109.115847	7646705.115847	97.813841	5556.325252	0.868172
375113.956726	7646705.5	97.722824	5561.181349	2.301443
375118.946537	7646705.801186	97.417787	5566.180242	3.995514
375119.5	7646710.283944	97.05819	5570.697038	3.602061
375124.283944	7646710.5	96.832008	5575.485858	1.437735
375127.88276	7646707.11724	96.814042	5580.424941	0.38168
375131.418293	7646707.418293	96.77547	5583.973269	0.882687
375135.104825	7646710.714722	96.683183	5588.918666	2.200449
375139.5	7646710.82077	96.416529	5593.315121	3.67881
375144.024712	7646709.307449	96.093768	5598.086196	3.67384
375148.844151	7646709.166046	95.80062	5602.907709	3.77624
375153.664695	7646708.703739	95.455918	5607.750371	5.264553
375158.524053	7646707.53168	94.893832	5612.749078	6.041208
375163.413498	7646706.586502	94.399892	5617.729042	4.484088
375166.949032	7646707.949032	94.20617	5621.518038	2.35879
375170.538125	7646711.427921	94.037932	5626.516464	3.989809
375174.510251	7646714.444615	93.50967	5631.504271	5.081637
375179.240952	7646715.953488	93.152864	5636.469776	3.097766
375179.5	7646720.79671	92.978473	5641.31992	1.655908
375179.709806	7646725.709806	92.870497	5646.237493	1.062884
375183.245339	7646729.245339	92.794478	5651.237493	0.898491
375187.725642	7646730.5	92.719119	5655.890157	0.959436
375192.725642	7646730.5	92.632831	5660.890157	0.516142
375197.725642	7646730.5	92.629036	5665.890157	0.105778
375202.725642	7646730.5	92.61437	5670.890157	1.425666
375206.780873	7646728.219127	92.38881	5675.542822	3.780379
375209.717527	7646724.366103	91.986851	5680.387378	5.968605
375210.556265	7646719.443735	91.360289	5685.380692	9.331715
375214.091799	7646715.908201	90.344751	5690.380692	8.534124
375214.5	7646711.077283	89.882523	5695.228825	4.163608
375217.627333	7646707.372667	89.638915	5700.076958	4.703621
375221.848567	7646705.379649	89.099566	5704.745035	8.122051
375224.96908	7646702.850291	88.39949	5708.761906	8.781988
375228.052747	7646700.339597	87.864736	5712.73841	6.653998
375230.478777	7646696.73042	87.4283	5717.087178	5.997049
375234.349587	7646694.438169	86.935326	5721.585799	5.76018
375234.994575	7646689.538348	86.476005	5726.527888	4.000373
375236.377199	7646685.5	86.291219	5730.796367	4.478101
375241.377199	7646685.5	85.750145	5735.796367	5.617407
375244.548209	7646683.62342	85.43704	5739.481045	3.891409
375246.503998	7646680.5	85.248841	5743.166268	3.174943
375251.503998	7646680.5	84.955285	5748.166268	3.286003
375256.499174	7646680.638972	84.674879	5753.163376	3.370317
375261.485758	7646681.004284	84.366566	5758.163324	3.191385
375266.409607	7646680.626154	84.120757	5763.101671	4.825162
375271.399727	7646680.5	83.528348	5768.093385	8.558472
375276.399727	7646680.5	82.617104	5773.093385	10.046401
375281.399727	7646680.5	81.75678	5778.093385	7.966361
375286.399727	7646680.5	81.217724	5783.093385	5.687713
375291.331574	7646681.004281	80.765069	5788.050946	4.958105
375296.201713	7646682.078771	80.355018	5793.038209	4.976849
375301.062663	7646682.062663	79.907495	5797.899185	5.239272
375304.638871	7646685.5	79.45445	5802.859483	6.364203
375309.638871	7646685.5	78.796603	5807.859483	8.980354
375314.638871	7646685.5	77.874168	5812.859483	8.448527
375319.638871	7646685.5	77.31132	5817.859483	4.988679
375324.554519	7646685.372278	77.008516	5822.776789	1.537589
375326.517449	7646680.773702	77.045123	5827.776789	2.019337
375331.336687	7646680.5	76.662039	5832.603793	4.445927
375336.336687	7646680.5	76.281075	5837.603793	5.541628
375341.336687	7646680.5	75.691844	5842.603793	7.324012
375346.336687	7646680.5	74.995824	5847.603793	7.439617
375351.316247	7646680.226753	74.387769	5852.590845	6.174401
375356.249015	7646679.414853	73.915523	5857.589983	4.6009
375361.064283	7646679.605308	73.597686	5862.409016	4.661834
375365.96978	7646678.65222	73.115086	5867.406243	6.361539
375370.12683	7646676.724936	72.529737	5871.988327	6.07123
375372.517712	7646678.517712	72.309906	5874.976697	4.44803
375376.677771	7646680.787158	71.928663	5879.715523	6.770453
375381.41711	7646680.5	71.183662	5884.463554	9.751014
375386.250312	7646679.717877	70.271376	5889.35963	10.151859
375390.917092	7646678.006401	69.416957	5894.330343	10.790548
375395.900452	7646677.942157	68.374215	5899.314117	12.781075
375400.899407	7646678.030516	67.152296	5904.313853	11.674466
375405.213651	7646675.893964	66.346447	5909.12816	8.135715
375410.065897	7646675.498109	65.76813	5913.996527	5.614509
375415.065149	7646675.454681	65.376406	5918.995967	3.438981
375419.5	7646674.649986	65.196854	5923.503232	1.194791
375420.10105	7646671.10105	65.207336	5927.102706	0.036016
375423.636584	7646674.636584	65.191449	5932.102706	-0.139395
375428.278946	7646675.5	65.230988	5936.824677	-0.170911
375433.278946	7646675.5	65.220448	5941.824677	0.214544
375434.5	7646671.721054	65.197396	5945.795999	-0.364559
375434.5	7646666.721054	65.27753	5950.795999	0.917651
375438.278946	7646665.5	65.053703	5954.767322	2.622069
375443.278946	7646665.5	64.866694	5959.767322	1.720497
375447.172118	7646662.827882	64.761689	5964.489293	1.663798
375450.860841	7646661.531968	64.615976	5968.399033	2.534004
375454.737061	7646664.653753	64.368413	5973.376042	3.090061
375459.110541	7646665.5	64.106835	5977.830642	2.933469
375462.760144	7646662.239856	63.889388	5982.724327	3.665821
375466.318637	7646658.727578	63.47299	5987.724223	4.843224
375469.5	7646655.077114	63.055471	5992.566429	4.309894
375469.65881	7646650.108066	62.733405	5997.538014	5.685779
375471.530565	7646645.472359	62.062771	6002.537339	5.301259
375471.980692	7646640.507077	61.806934	6007.522981	2.328963
375476.779775	7646641.460126	61.661021	6012.415782	1.662087
375481.548162	7646642.635514	61.522462	6017.326897	2.505408
375485.658674	7646640.5	61.243464	6021.959038	4.431251
375490.658674	7646640.5	60.776046	6026.959038	6.730726
375495.658674	7646640.5	60.063332	6031.959038	7.924598
375500.319306	7646639.680694	59.421387	6036.691136	5.820047
375503.85484	7646636.14516	59.07137	6041.691136	4.916836
375508.126165	7646637.386652	58.608628	6046.139227	4.897528
375512.900739	7646637.932264	58.278471	6050.944876	4.394558
375517.073915	7646638.073915	57.918438	6055.120454	3.142881
375521.030614	7646640.844926	57.783972	6059.950979	3.338959
375525.91989	7646641.20611	57.350606	6064.853579	5.388747
375530.731082	7646640.003967	56.853748	6069.812683	5.471
375535.342674	7646640.5	56.431422	6074.450876	4.688341
375540.342674	7646640.5	56.063342	6079.450876	3.657826
375545.337402	7646640.594121	55.792441	6084.44649	5.053118
375550.231453	7646641.412705	55.182884	6089.408528	7.430731
375554.5	7646643.88437	54.502005	6094.341034	5.761985
375556.893111	7646643.106889	54.431283	6096.857273	1.381677
375560.813302	7646640.5	54.327769	6101.565114	2.4999
375565.813302	7646640.5	54.007459	6106.565114	4.540335
375570.813302	7646640.5	53.533692	6111.565114	5.511557
375575.805106	7646640.353501	53.043145	6116.559067	4.542947
375580.779428	7646639.859175	52.73973	6121.557891	3.162637
375585.410741	7646640.705759	52.506811	6126.265945	3.207998
375590.089422	7646642.242276	52.199852	6131.190469	3.416172
375593.858558	7646645.525062	51.914493	6136.188776	3.071363
375597.648842	7646648.648842	51.668132	6141.10042	5.712708
375601.364805	7646651.982143	50.923797	6146.092341	8.283325
375604.841327	7646655.446068	50.226927	6150.999986	3.644905
375608.364759	7646652.012985	50.297817	6155.9194	4.537119
375612.579762	7646652.186056	49.501818	6160.137955	11.275438
375616.80435	7646654.820875	48.46414	6165.116852	11.410604
375621.282533	7646656.935885	47.497442	6170.069365	10.424557
375625.555458	7646659.456739	46.640312	6175.030473	8.35508
375629.26384	7646662.81036	46.034552	6180.030361	6.972276
375632.339614	7646666.739584	45.418662	6185.02027	6.915962
375634.073231	7646671.402664	44.825896	6189.995181	6.304217
375636.870267	7646675.23332	44.345088	6194.738316	7.329582
375641.773011	7646675.5	43.584273	6199.648308	8.455097
375646.773011	7646675.5	42.872013	6204.648308	7.759139
375651.550313	7646674.518778	42.238504	6209.525337	8.487525
375656.16774	7646672.647472	41.400778	6214.507547	9.162178
375660.38845	7646674.82767	40.668781	6219.25809	15.842789
375665.311509	7646673.96503	38.634421	6224.256156	27.133733
375670.296547	7646673.736127	35.550235	6229.246446	27.784557
375674.5	7646672.681898	33.721853	6233.580084	16.611224
375676.128609	7646668.200145	32.834916	6238.348571	10.279256
375678.386267	7646664.02102	31.99567	6243.09853	7.506084
375676.930907	7646659.276988	31.555269	6248.060779	6.559461
375679.065492	7646654.989288	30.874361	6252.850437	7.57724
375679.5	7646650.105682	30.265963	6257.753335	6.485952
375679.778825	7646645.221175	29.760787	6262.645793	6.512165
375683.314359	7646641.685641	29.136765	6267.645793	6.15918
375684.5	7646637.17675	28.718135	6272.307965	4.339577
375686.849892	7646633.150108	28.429208	6276.970137	3.356717
375689.5	7646629.247818	28.16803	6281.687227	3.08962
375690.385426	7646624.614574	27.92	6286.404316	3.459674
375693.92096	7646621.07904	27.580589	6291.404316	3.723841
375698.681114	7646620.5	27.282496	6296.199559	4.878993
375702.456494	7646617.543506	26.761961	6300.994801	6.603903
375704.642194	7646613.39475	26.184476	6305.684093	5.847489
375706.147265	7646608.852735	25.791704	6310.468979	2.770711
375709.758516	7646605.5	25.714443	6315.396654	1.136717
375714.746215	7646605.421203	25.594956	6320.384974	2.633054
375719.507228	7646603.894981	25.255131	6325.384635	4.865254
375723.725686	7646601.213403	24.743933	6330.383259	5.279563
375728.107778	7646599.107778	24.343988	6335.244986	3.321801
375732.531101	7646600.5	24.192615	6339.882234	2.39264
375737.531101	7646600.5	23.94132	6344.882234	4.309806
375741.643312	7646598.356688	23.46635	6349.519481	6.331069
375745.047	7646594.711041	22.873479	6354.507048	5.375456
375747.803501	7646590.541138	22.526719	6359.505687	2.690313
375749.992477	7646586.160434	22.408495	6364.402848	2.465232
375753.546796	7646589.546796	22.104537	6369.312088	5.030064
375758.137232	7646590.172287	21.56865	6373.944943	6.350718
375761.108297	7646587.108297	21.113934	6378.212876	1.844705
375761.427237	7646583.572763	21.316866	6381.762767	0.345398
375765.142155	7646580.626294	21.063952	6386.504317	4.884264
375770.057653	7646581.517108	20.484819	6391.499882	10.628127
375775.0395	7646581.917311	19.188705	6396.497777	15.157863
375779.907357	7646583.030544	17.778182	6401.491305	13.652271
375784.753708	7646582.998436	16.798731	6406.337763	8.416266
375788.913108	7646580.5	16.343255	6411.189854	4.89898
375793.913108	7646580.5	15.95431	6416.189854	4.521198
375798.913108	7646580.5	15.552538	6421.189854	6.116419
375803.913108	7646580.5	14.882752	6426.189854	9.608932
375808.890251	7646580.05142	13.860066	6431.18717	12.58862
375813.864856	7646579.548976	12.650259	6436.187085	12.157543
375818.822385	7646578.903561	11.705966	6441.18645	9.239377
375823.376564	7646576.977739	11.032718	6446.131078	7.77449
375827.376985	7646573.991519	10.349353	6451.12316	9.697764
375831.629219	7646571.637196	9.349034	6455.983646	16.05868
375836.346965	7646570.114897	7.52336	6460.940916	19.601585
375840.511306	7646567.388546	5.811253	6465.918337	13.983843
375844.814706	7646565.53314	5.116882	6470.604677	6.951773
375849.786848	7646566.060039	4.630232	6475.604659	5.748964
375854.760305	7646566.438862	4.111371	6480.592523	5.344634
375858.486674	7646569.486674	3.713262	6485.406563	3.793041
375863.066941	7646570.5	3.481224	6490.097584	2.984662
375864.862906	7646574.048432	3.261329	6494.074625	2.907659
375868.552221	7646575.5	3.077865	6498.03923	3.033106
375871.194699	7646579.180827	2.811177	6502.570365	3.371906
375875.184944	7646581.00298	2.552457	6506.956969	3.819882
375879.215041	7646583.962426	2.184466	6511.956969	4.636698
375883.084405	7646586.947248	1.750631	6516.843802	5.584045
375886.418408	7646590.642492	1.220112	6521.82079	6.555637
375889.98846	7646594.141608	0.604242	6526.819698	9e-06
