x	y	z	L	slope
371379.5	7646040.5	1004.849976	0.0	15.364774
371383.787778	7646043.057959	1003.47807	4.992815	18.469701
371387.270826	7646046.621547	1001.518069	9.975864	20.937687
371391.106188	7646049.729921	999.682692	14.912663	20.954544
371395.707366	7646051.557228	997.731715	19.86341	22.431725
371400.594193	7646050.505797	995.575531	24.862068	25.173083
371405.524936	7646051.321575	993.033645	29.85984	25.181634
371409.5	7646053.137324	991.171145	34.229974	20.105303
371411.36487	7646053.63513	990.727474	36.160143	7.284208
371414.900403	7646050.900403	990.353113	40.6299	7.400632
371418.435937	7646054.435937	989.497498	45.6299	8.961658
371422.763697	7646056.750848	988.790685	50.537885	11.503198
371427.514974	7646058.229035	987.486083	55.513794	15.588492
371432.459253	7646057.492997	986.007952	60.512559	16.440786
371437.13203	7646059.226376	984.540388	65.496478	15.925109
371441.77813	7646060.5	983.211385	70.313983	15.779251
371446.689504	7646061.129244	981.779939	75.265502	17.770899
371451.522423	7646062.404406	980.022517	80.263816	21.856891
371456.469629	7646063.09661	977.771355	85.259214	22.107997
371461.356359	7646062.333329	975.984257	90.205195	16.635014
371466.230592	7646062.072057	974.835288	95.086425	13.422976
371470.99935	7646060.570996	973.626238	100.085849	14.913524
371475.986469	7646060.40892	972.174931	105.075601	17.376174
371480.97801	7646060.119264	970.500318	110.075539	18.974217
371485.920705	7646060.354531	968.754596	115.02383	17.239173
371490.897279	7646060.5	967.420059	120.00253	15.204707
371495.805161	7646060.998943	966.060807	124.935708	17.168842
371500.46917	7646062.800573	964.351277	129.935593	17.778101
371504.865483	7646065.154704	962.858701	134.922527	15.981412
371509.733547	7646065.81932	961.516016	139.835749	17.321227
371513.299762	7646069.299762	959.772412	144.818858	20.747259
371517.653663	7646071.480625	957.783834	149.688418	21.468172
371522.238734	7646073.460159	955.893451	154.682557	20.651742
371527.032655	7646073.619315	954.093775	159.47912	22.707513
371531.728524	7646071.977348	951.804689	164.453779	25.963213
371536.546863	7646070.666039	949.240021	169.447368	24.796235
371541.519742	7646070.5	947.199203	174.423018	22.841022
371546.269968	7646071.47292	945.102043	179.271855	22.675048
371550.324869	7646074.271439	943.115077	184.198713	21.321378
371554.531435	7646076.719389	941.279492	189.06571	19.721177
371559.307497	7646078.198508	939.57823	194.065566	18.518264
371563.96371	7646080.018599	937.930381	199.064871	17.904889
371568.589798	7646081.37565	936.405525	203.885895	20.902875
371572.934249	7646083.844202	934.180875	208.882695	27.669574
371577.255094	7646086.228853	931.198012	213.817901	30.374016
371581.674812	7646088.535677	928.366678	218.803415	32.366155
371586.161365	7646090.622476	924.902396	223.751535	33.173652
371591.03002	7646091.719308	921.869681	228.74221	26.91989
371595.777836	7646091.29289	919.947993	233.509136	20.949678
371600.54043	7646090.499235	918.196214	238.337406	22.49037
371605.540319	7646090.5	915.879104	243.337296	26.707411
371610.450019	7646090.076057	913.201583	248.265265	27.373739
371615.047485	7646088.12891	910.74261	253.258067	26.092823
371619.85141	7646086.751164	908.30906	258.255655	23.577458
371624.615504	7646085.5	906.412047	263.181302	23.934854
371629.581674	7646085.581674	903.918257	268.148143	23.868832
371633.117207	7646089.117207	902.001982	273.148143	23.065575
371636.39058	7646092.886273	899.66351	278.140219	24.626332
371640.22512	7646095.5	897.586586	282.780829	24.254408
371645.012737	7646096.012737	895.403337	287.595825	27.017517
371648.548271	7646099.548271	892.581987	292.595825	30.405587
371652.959509	7646101.676391	889.595275	297.49357	28.894803
371657.499548	7646103.499548	887.17887	302.385998	27.196922
371661.582944	7646106.111798	884.59048	307.233469	27.297443
371666.143013	7646108.101225	882.109771	312.208612	25.15884
371669.930312	7646111.217492	879.950265	317.113177	25.535623
371672.556153	7646115.471873	877.378383	322.112657	25.205156
371674.79276	7646119.428715	875.457973	326.657875	21.019109
371677.35275	7646123.58382	873.756731	331.53829	20.174951
371680.806004	7646127.194577	871.829086	336.534541	21.480384
371684.414484	7646130.646471	869.825676	341.528207	20.462201
371688.05866	7646134.05866	868.103113	346.520507	18.88695
371691.056974	7646138.019352	866.418285	351.488098	16.122377
371694.649483	7646140.537001	865.39921	355.874974	9.255509
371699.621324	7646140.724226	864.892669	360.850339	11.369275
371703.197947	7646144.197947	863.396291	365.836216	18.459836
371707.483344	7646146.53756	861.598564	370.718677	19.258965
371711.191865	7646149.74239	859.977993	375.620111	17.390559
371715.83344	7646150.576771	858.586486	380.336085	17.284445
371720.825892	7646150.850443	856.954808	385.336033	19.996931
371725.672229	7646151.633387	854.980578	390.245206	23.32171
371729.431869	7646154.929613	852.682933	395.245206	22.536761
371734.12831	7646155.5	850.942702	399.976157	19.428369
371739.12831	7646155.5	849.250817	404.976157	20.277736
371742.77271	7646158.77271	847.285739	409.874348	20.601561
371747.057243	7646160.5	845.673132	414.493954	17.933148
371752.057243	7646160.5	844.172642	419.493954	17.756045
371757.026695	7646160.105918	842.47583	424.479008	17.803295
371761.973765	7646159.381842	840.96633	429.478787	16.38116
371766.916316	7646158.654634	839.537646	434.474548	14.675202
371771.561375	7646156.945946	838.361956	439.423911	14.668827
371776.031486	7646155.5	837.012354	444.122065	14.122983
371780.959032	7646155.034518	835.934597	449.071548	9.683665
371785.782085	7646153.851536	835.320428	454.037562	7.685925
371790.747979	7646153.32906	834.590576	459.030865	6.446615
371794.633888	7646150.5	834.213146	463.837513	8.017251
371799.633888	7646150.5	833.209372	468.837513	11.664353
371804.633401	7646150.511411	832.148893	473.837039	14.093495
371809.61464	7646150.942786	830.698978	478.836922	17.291311
371814.288758	7646150.736649	829.136067	483.515584	16.322297
371819.203116	7646150.5	827.88815	488.435636	12.904022
371824.10178	7646151.471043	826.864787	493.429615	11.720224
371829.0264	7646152.300298	825.816135	498.423567	12.593329
371833.389313	7646154.389313	824.668522	503.260818	13.50986
371836.955471	7646157.893831	823.452722	508.260731	12.262531
371840.837618	7646160.850562	822.521209	513.14062	13.18503
371845.732552	7646161.697855	821.14577	518.108344	15.731935
371850.64796	7646160.783431	819.713573	523.108085	16.981842
371855.574128	7646161.057188	818.112329	528.041853	18.840503
371860.42384	7646160.693519	816.370745	532.905182	16.986688
371865.366338	7646160.705422	815.116967	537.847694	12.637555
371870.247664	7646161.763575	814.142743	542.842395	10.685318
371875.12492	7646162.726713	813.236546	547.813839	10.106521
371879.302123	7646165.302123	812.38196	552.721156	8.57363
371884.220159	7646165.5	811.754671	557.643172	8.484805
371889.216304	7646165.690734	810.901872	562.642956	10.047964
371894.198754	7646166.025621	809.983977	567.636647	9.070915
371898.962898	7646167.540854	809.306504	572.635948	8.289201
371903.356962	7646169.885691	808.530037	577.616516	8.911361
371908.175163	7646170.543111	807.763113	582.47936	9.377554
371913.163083	7646170.5	806.903236	587.467467	10.703127
371918.155294	7646170.738751	805.875727	592.465384	13.003879
371923.150579	7646170.942807	804.594519	597.464835	17.07457
371927.353823	7646168.732327	802.881526	602.213885	17.909899
371931.010938	7646165.429761	801.467292	607.141504	16.645375
371935.921656	7646164.5011	799.914174	612.139261	14.468178
371940.120397	7646162.288253	798.953192	616.885429	10.190044
371943.249094	7646162.56041	798.496594	620.02594	9.673601
371947.694768	7646164.322431	797.602748	624.808067	12.609004
371952.614178	7646165.206639	796.308876	629.806309	14.158846
371957.58505	7646165.5	795.085688	634.78583	13.889954
371962.578231	7646165.294996	793.841772	639.783217	14.02271
371967.571756	7646165.050251	792.589047	644.782736	14.648079
371972.424451	7646165.736965	791.254075	649.68378	15.361916
371977.330341	7646166.680969	789.870137	654.679669	14.354144
371981.87864	7646165.42469	788.768179	659.398277	12.483076
371986.866046	7646165.079788	787.718802	664.397594	9.33629
371991.611248	7646165.5	787.16311	669.161365	6.998451
371995.992877	7646166.992877	786.565811	673.790335	8.844501
371999.54018	7646170.5	785.666671	678.778648	10.963424
372004.54018	7646170.5	784.630954	683.778648	12.222586
372009.528411	7646170.471589	783.503065	688.76696	12.986746
372013.063945	7646166.936055	782.327474	693.76696	14.602383
372017.469112	7646165.5	780.99342	698.40029	16.257497
372022.366508	7646164.726206	779.530538	703.35844	16.37978
372027.239945	7646163.623413	778.067471	708.355092	17.441811
372032.171877	7646162.808522	776.39024	713.353893	16.235025
372037.135702	7646162.23387	775.156892	718.35087	13.653624
372042.084268	7646161.55286	773.963049	723.346075	16.798711
372046.890075	7646161.880089	772.194766	728.16301	20.360347
372051.262943	7646159.538045	770.334649	733.12357	16.824807
372055.103483	7646156.370539	769.189464	738.101806	10.987972
372059.69238	7646155.5	768.461237	742.772546	10.630305
372064.69238	7646155.5	767.374395	747.772546	14.223728
372069.692168	7646155.490965	765.92657	752.772342	16.543303
372074.686723	7646155.257857	764.404192	757.772335	17.604716
372079.656083	7646155.263382	762.763301	762.741698	18.566815
372083.607891	7646152.23696	761.063204	767.719249	20.873753
372088.055281	7646150.311286	759.017179	772.565639	24.575837
372093.037213	7646149.888691	756.560428	777.565462	19.167656
372096.079137	7646146.537315	755.706057	782.0915	15.193299
372099.314987	7646148.214505	754.341588	785.736179	13.908331
372103.827959	7646150.29363	753.573155	790.70505	9.914538
372108.77861	7646150.5	752.607061	795.660001	10.50718
372112.525434	7646153.525434	751.761041	800.475803	11.365411
372116.707542	7646155.5	750.709486	805.10062	14.381397
372121.694893	7646155.735988	749.295027	810.09355	16.280109
372126.665009	7646156.281682	747.79121	815.093534	19.414403
372130.400375	7646158.873327	745.930631	819.639916	21.276565
372134.408068	7646160.5	744.336602	823.965152	18.850846
372137.970528	7646163.970528	742.755973	828.93865	16.711832
372142.337	7646165.5	741.454366	833.565243	14.33132
372145.277615	7646168.228348	740.549222	837.576614	10.188273
372148.562949	7646170.5	740.015667	841.570838	9.285182
372152.372939	7646173.372939	739.116106	846.342609	10.483773
372154.5	7646177.491881	738.274896	850.978348	9.64996
372155.908472	7646181.908472	737.539684	855.614087	10.273013
372159.444006	7646185.444006	736.528526	860.614087	9.965446
372164.420813	7646185.5	735.786704	865.591209	7.498871
372167.97954	7646188.97954	735.218264	870.56833	6.615099
372172.349745	7646190.5	734.672921	875.195477	6.557944
372177.30532	7646191.001226	734.113759	880.176335	6.38062
372182.253635	7646191.699163	733.557142	885.173629	7.105018
372186.850938	7646192.850938	732.900162	889.913014	9.312172
372190.75366	7646195.5	732.006606	894.629875	12.046006
372195.75366	7646195.5	730.826686	899.629875	12.751631
372200.75366	7646195.5	729.743607	904.629875	12.342257
372205.386472	7646196.386472	728.700624	909.346735	11.787256
372208.922006	7646199.922006	727.715966	914.346735	10.921868
372213.682593	7646200.5	726.810479	919.142282	13.254516
372217.45754	7646203.45754	725.456835	923.937828	15.51132
372221.611525	7646205.5	724.194909	928.566785	12.718708
372225.993074	7646206.993074	723.367361	933.195741	8.292868
372229.540457	7646210.5	722.793177	938.183973	6.309812
372234.540457	7646210.5	722.262951	943.183973	4.482127
372239.540457	7646210.5	722.009322	948.183973	1.947513
372244.537222	7646210.515852	721.923034	953.180764	1.877554
372249.137436	7646212.474941	721.681624	958.180764	3.32277
372253.772293	7646214.010113	721.34929	963.063248	7.124701
372258.107884	7646216.48851	720.447159	968.057225	11.30696
372262.701546	7646218.266466	719.365943	972.982959	10.972913
372267.086975	7646220.546522	718.533821	977.925695	11.175672
372272.063304	7646221.031654	717.401691	982.925615	13.181354
372277.011723	7646221.55484	716.197487	987.901615	13.835849
372281.876811	7646222.703069	714.945114	992.900366	14.186592
372285.894042	7646225.522253	713.693302	997.808109	14.161409
372289.980892	7646228.394684	712.446427	1002.803428	13.171809
372294.201706	7646230.5	711.42047	1007.520166	10.164442
372299.201706	7646230.5	710.704387	1012.520166	7.492289
372304.201706	7646230.5	710.105353	1017.520166	6.442247
372307.824608	7646233.824608	709.584628	1022.437324	6.792144
372312.09733	7646235.917296	708.953079	1027.195001	8.877404
372316.217355	7646237.217355	708.166769	1031.515275	10.666438
372319.85764	7646240.5	707.216201	1036.417052	8.327503
372324.752889	7646240.752889	706.731821	1041.31883	6.467939
372328.288423	7646244.288423	706.093681	1046.31883	5.505268
372330.027403	7646248.743979	705.788956	1051.101719	4.997056
372333.671377	7646250.5	705.32182	1055.146736	6.376033
372338.671377	7646250.5	704.778256	1060.146736	8.462714
372343.663091	7646250.762803	703.834211	1065.145362	12.041443
372348.647521	7646251.155522	702.645513	1070.14524	12.054248
372353.339046	7646251.002156	701.764175	1074.83927	10.642644
372357.117108	7646253.117108	700.949856	1079.169025	10.152638
372361.130082	7646255.5	700.153105	1083.836158	7.174474
372366.130082	7646255.5	699.733025	1088.836158	4.396878
372371.130082	7646255.5	699.384217	1093.836158	6.404014
372376.050088	7646256.004372	698.616753	1098.78195	9.663628
372380.656255	7646257.865567	697.696153	1103.749929	9.408501
372384.870191	7646260.5	696.970123	1108.719586	8.830398
372389.870191	7646260.5	696.147398	1113.719586	11.162188
372394.866641	7646260.448858	694.997635	1118.716298	12.952791
372399.818533	7646259.75694	693.84822	1123.716296	13.296001
372404.604193	7646258.563659	692.65057	1128.648483	11.041696
372408.102469	7646256.006461	692.040255	1132.98175	10.073288
372412.225658	7646258.35259	691.038087	1137.725693	17.156667
372417.218218	7646258.098399	689.032469	1142.72472	20.761258
372422.135152	7646257.190836	687.247673	1147.724711	20.269682
372426.54758	7646255.5	685.440939	1152.45001	20.238163
372431.522271	7646255.820943	683.667737	1157.435043	17.425716
372436.232668	7646257.262079	682.330246	1162.360965	12.385494
372439.580659	7646260.629851	681.543247	1167.109748	8.455002
372440.822664	7646265.430385	680.887304	1172.068347	7.775632
372444.430655	7646268.887319	680.183881	1177.065145	7.376498
372448.22253	7646272.12439	679.59501	1182.050819	6.999625
372452.471228	7646273.333734	679.029418	1186.468279	7.205758
372457.107234	7646271.464548	678.404554	1191.46692	6.844763
372461.933048	7646270.5	677.838716	1196.388183	7.899434
372466.873045	7646269.962992	677.032293	1201.357283	9.820662
372471.789744	7646269.089992	676.11421	1206.350884	10.894114
372476.487412	7646268.512588	675.160334	1211.083904	10.403128
372480.239557	7646265.5	674.361906	1215.895794	12.608091
372485.238205	7646265.455311	672.965986	1220.894642	15.862457
372490.229052	7646265.152909	671.520829	1225.894642	16.490868
372495.172775	7646265.266237	670.021952	1230.839664	16.144069
372500.125223	7646265.5	668.654316	1235.797626	14.805957
372505.125223	7646265.5	667.389919	1240.797626	13.358981
372510.125223	7646265.5	666.279617	1245.797626	12.389509
372515.123597	7646265.545072	665.193575	1250.796202	14.020561
372520.111053	7646265.89852	663.782965	1255.796167	16.217203
372525.053861	7646265.794038	662.301464	1260.740079	15.391425
372530.038056	7646265.5	661.047607	1265.73294	15.466941
372534.9744	7646265.246133	659.552301	1270.675808	15.095717
372539.382868	7646262.887019	658.365695	1275.675808	11.800472
372543.920526	7646263.816126	657.540091	1280.307609	12.363079
372548.739311	7646263.627668	656.293488	1285.130078	16.283682
372553.64336	7646262.888435	654.68277	1290.08953	16.16869
372558.63759	7646262.803035	653.407452	1295.084489	19.736717
372563.545986	7646262.028219	651.108002	1300.053664	25.405001
372568.246673	7646260.5	648.699968	1304.996529	22.23433
372573.246673	7646260.5	647.043576	1309.996529	16.708253
372578.246673	7646260.5	645.698348	1314.996529	14.634127
372583.239363	7646260.266072	644.432968	1319.994696	14.548599
372588.233237	7646260.021819	643.103717	1324.99454	14.016971
372593.125284	7646259.983094	641.963568	1329.88674	12.057604
372598.113016	7646259.65223	640.991011	1334.885434	11.759661
372602.216232	7646262.284702	639.908148	1339.760502	13.915948
372605.444772	7646265.913787	638.579683	1344.61784	14.781194
372608.113824	7646270.141771	637.307277	1349.617809	10.527896
372609.5	7646274.718944	636.761744	1354.400276	8.160224
372611.074539	7646279.414118	635.911436	1359.35243	8.793755
372615.340909	7646280.5	635.314671	1363.754822	7.126999
372620.324269	7646280.333541	634.737574	1368.740961	9.001099
372625.236536	7646279.419043	633.733401	1373.737627	14.712703
372630.094859	7646278.427569	632.123617	1378.696088	16.107721
372634.235693	7646275.764307	630.879807	1383.619446	13.619658
372639.105959	7646275.932422	629.750103	1388.492613	13.7677
372643.991626	7646276.008374	628.488568	1393.378871	13.890327
372648.781051	7646275.5	627.350767	1398.195201	14.929085
372653.781051	7646275.5	625.871389	1403.195201	17.822828
372658.419728	7646277.221374	624.152615	1408.142974	14.444368
372660.711572	7646281.309389	623.389819	1412.829594	10.430533
372663.99181	7646284.99181	622.382105	1417.761144	13.93992
372668.775314	7646285.726524	620.964553	1422.600743	16.994502
372673.670438	7646285.5	619.405415	1427.501105	16.660037
372678.670438	7646285.5	618.00192	1432.501105	15.425411
372683.594239	7646286.293576	616.649762	1437.488447	14.871643
372688.440259	7646287.450398	615.354599	1442.47063	14.427329
372692.46675	7646290.373515	614.088037	1447.446295	15.291397
372697.287302	7646289.430777	612.651354	1452.358166	15.831696
372702.206125	7646289.938945	611.293019	1457.303169	14.217775
372707.182683	7646290.421871	610.131693	1462.303104	12.946039
372712.148132	7646290.010934	608.99838	1467.285528	13.951587
372716.655422	7646288.475707	607.711059	1472.047102	14.215549
372720.618407	7646285.586676	606.549832	1476.951361	15.515358
372725.597297	7646285.188339	604.963035	1481.946159	19.796989
372730.580178	7646284.824992	602.953591	1486.942271	22.777749
372735.484076	7646283.860947	600.766702	1491.94003	21.948146
372740.240488	7646282.336329	598.926987	1496.934818	19.385516
372744.968349	7646280.795681	597.259592	1501.907369	18.003529
372749.933324	7646281.380024	595.686378	1506.906613	16.255049
372754.723206	7646281.178405	594.404238	1511.700736	12.403493
372759.485354	7646280.021003	593.55426	1516.601515	10.995086
372763.928045	7646277.751422	592.48283	1521.590353	11.849266
372768.040816	7646275.102274	591.481215	1526.482476	10.081457
372772.982333	7646274.458272	590.727098	1531.465782	8.663305
372777.881599	7646273.50977	589.96163	1536.456019	9.003933
372782.415117	7646271.401223	589.144164	1541.455894	10.780513
372786.430809	7646268.569191	588.074032	1546.369771	12.970775
372790.125655	7646265.291416	586.874764	1551.308971	12.288382
372794.939451	7646264.487226	585.93514	1556.189478	9.063139
372799.926435	7646264.78479	585.299391	1561.185332	7.240019
372804.768771	7646264.433278	584.683725	1566.040409	6.359542
372808.459797	7646261.060397	584.201046	1571.040409	6.134416
372813.15821	7646259.711068	583.620991	1575.928739	7.961536
372818.112225	7646259.092894	582.8192	1580.921174	9.20037
372822.680945	7646257.1227	582.006532	1585.896601	7.67821
372827.03252	7646258.03252	581.549104	1590.34227	8.635928
372830.922363	7646261.008294	580.58755	1595.239832	13.287449
372835.633865	7646262.68102	579.211868	1600.239458	15.438262
372840.375961	7646264.25886	577.826728	1605.237162	14.827248
372845.207961	7646265.534515	576.566003	1610.234714	13.990951
372850.164831	7646266.188173	575.335866	1615.234497	14.843861
372855.10975	7646266.92807	573.915846	1620.234464	16.739943
372860.063017	7646266.981896	572.342193	1625.188023	16.938658
372864.941093	7646265.909622	570.886145	1630.18256	13.944745
372869.888962	7646265.5	569.869328	1635.147355	11.853344
372874.778189	7646265.771849	568.816434	1640.044135	15.117455
372878.354234	7646269.266403	567.19582	1645.044135	17.698924
372882.875345	7646270.041026	565.757129	1649.631126	18.087161
372887.838311	7646269.434707	564.064829	1654.630991	18.243102
372892.414804	7646267.493591	562.470619	1659.60213	14.25211
372896.692129	7646265.5	561.603517	1664.321231	12.508806
372901.692129	7646265.5	560.314445	1669.321231	14.667358
372906.533336	7646264.680868	559.009787	1674.231247	14.851762
372911.186154	7646262.851045	557.686687	1679.230943	13.235471
372915.808733	7646260.949507	556.658293	1684.229352	13.615191
372920.727502	7646260.5	555.279796	1689.168618	16.495152
372925.727502	7646260.5	553.715155	1694.168618	19.23463
372930.692106	7646260.207349	551.800103	1699.14184	22.372736
372935.557382	7646259.05743	549.610453	1704.141162	23.419447
372940.497212	7646258.319408	547.471437	1709.135819	21.106292
372945.043045	7646256.442594	545.784339	1714.05385	18.841339
372950.016934	7646256.224672	544.094465	1719.032511	20.225099
372954.99697	7646256.365415	542.114683	1724.014535	21.196919
372959.953506	7646255.988376	540.234738	1728.985391	18.354192
372964.916887	7646255.5	538.810973	1733.972741	15.854114
372969.916887	7646255.5	537.3985	1738.972741	16.622974
372974.916887	7646255.5	535.825571	1743.972741	17.155451
372979.916887	7646255.5	534.311598	1748.972741	16.281543
372984.916887	7646255.5	532.904953	1753.972741	14.804588
372989.916887	7646255.5	531.668709	1758.972741	12.457719
372994.916887	7646255.5	530.695815	1763.972741	11.016794
372999.91648	7646255.518423	529.721995	1768.972368	12.50744
373004.911773	7646255.734785	528.477661	1773.972345	14.62527
373009.856541	7646256.102762	527.123411	1778.930785	12.00947
373013.498061	7646259.498061	526.363777	1783.909613	6.37325
373014.5	7646264.083044	526.043126	1788.602794	4.921796
373017.604742	7646267.288515	525.575368	1793.065357	5.237979
373020.193964	7646270.5	525.255857	1797.190609	5.573851
373025.193964	7646270.5	524.68486	1802.190609	7.087884
373030.027258	7646270.951204	524.030591	1807.044918	10.266346
373033.826142	7646274.202124	522.900061	1812.044918	13.605629
373038.085744	7646276.749131	521.619323	1817.007927	13.459936
373042.811767	7646277.725407	520.557284	1821.833734	13.245628
373047.535161	7646277.596554	519.371209	1826.558884	13.508828
373052.231222	7646279.270396	518.224463	1831.544337	12.540194
373057.106422	7646280.380279	517.150218	1836.544279	11.882919
373062.0054	7646279.624181	516.129374	1841.501261	10.914516
373066.960397	7646279.519808	515.238713	1846.457357	10.112875
373071.946005	7646279.141055	514.353673	1851.45733	9.429027
373076.928706	7646279.039547	513.580773	1856.441065	9.804308
373081.888708	7646278.409831	512.628493	1861.440882	10.632257
373086.884197	7646278.265657	511.704044	1866.438451	10.499891
373091.878839	7646278.492412	510.775668	1871.438237	15.17083
373096.741434	7646277.432282	508.998998	1876.415054	19.865276
373101.672942	7646276.677147	507.175042	1881.404043	18.55656
373106.634621	7646276.107658	505.647796	1886.398297	15.748811
373111.129793	7646274.445984	504.415207	1891.190763	15.319601
373114.732106	7646270.980416	502.965723	1896.189445	18.644493
373116.547729	7646266.433966	501.07697	1901.085023	15.543502
373118.699621	7646261.977744	500.227727	1906.033615	7.792579
373121.818713	7646258.181287	499.727382	1910.947047	5.356306
373124.5	7646254.291913	499.32416	1915.671085	-0.033104
373125.708087	7646250.5	499.732411	1919.650793	2.461158
373130.708087	7646250.5	498.938207	1924.650793	9.718359
373135.708087	7646250.5	498.019833	1929.650793	9.212725
373140.354247	7646251.354247	497.361088	1934.374831	6.509491
373143.889781	7646254.889781	496.91032	1939.374831	5.846948
373148.53157	7646254.571896	496.372644	1944.027493	7.289561
373153.347891	7646253.246092	495.67619	1949.022962	6.871853
373158.140728	7646251.878931	495.170004	1954.006977	6.323992
373162.211266	7646252.478336	494.667885	1958.121411	7.821941
373166.666456	7646254.425503	493.936904	1962.983528	12.472111
373171.59409	7646255.120074	492.491841	1967.959872	14.900387
373173.801119	7646252.103613	491.618298	1971.697521	11.097965
373177.683061	7646250.5	490.934851	1975.897645	5.472929
373182.683061	7646250.5	490.73684	1980.897645	1.531704
373187.683061	7646250.5	490.667463	1985.897645	3.342728
373192.683061	7646250.5	490.152778	1990.897645	8.134476
373197.683061	7646250.5	489.238155	1995.897645	9.625459
373202.683061	7646250.5	488.456885	2000.897645	7.849131
373207.683061	7646250.5	487.85963	2005.897645	7.824524
373212.683061	7646250.5	487.082735	2010.897645	12.484798
373216.750764	7646252.750764	485.723274	2015.546532	16.821778
373220.611993	7646255.5	484.244265	2020.28651	13.710518
373225.611993	7646255.5	483.347102	2025.28651	9.095093
373230.611993	7646255.5	482.643451	2030.28651	10.243578
373235.42452	7646256.117893	481.566759	2035.138541	15.315955
373239.585428	7646258.889918	479.945449	2040.138268	15.340767
373244.17624	7646260.5	478.860621	2045.003238	12.715113
373249.17624	7646260.5	477.719615	2050.003238	13.387789
373254.17624	7646260.5	476.48061	2055.003238	12.439767
373258.524555	7646258.118786	475.52311	2059.96086	11.51372
373262.685144	7646255.493173	474.468625	2064.880652	9.275347
373267.68403	7646255.390036	473.903122	2069.880601	6.567508
373272.680441	7646255.460364	473.317728	2074.877507	8.665876
373277.365807	7646257.025488	472.388683	2079.817373	14.553822
373281.323401	7646259.90944	470.763983	2084.714283	15.609956
373281.168349	7646263.831651	469.923909	2088.639557	10.365051
373279.5	7646268.140598	469.200947	2093.260208	10.460384
373281.367185	7646272.367185	468.217795	2097.880859	10.131499
373285.06953	7646275.5	467.508657	2102.730796	8.556769
373290.06953	7646275.5	466.735777	2107.730796	8.245518
373295.06953	7646275.5	466.059568	2112.730796	5.777729
373299.902719	7646275.097281	465.739155	2117.580733	2.161083
373303.438252	7646271.561748	465.687883	2122.580733	3.485366
373307.998462	7646270.5	465.149467	2127.262915	9.831003
373312.847531	7646269.483499	464.018024	2132.217382	13.420737
373317.649353	7646268.405122	462.792993	2137.138803	12.211876
373322.179339	7646270.460317	461.876391	2142.113197	12.635849
373327.168112	7646270.5	460.559448	2147.102128	16.61484
373330.556455	7646272.950046	459.140114	2151.283467	17.847103
373333.879077	7646275.5	457.864735	2155.471794	14.453453
373338.007209	7646278.122175	456.800102	2160.362323	13.046365
373342.527547	7646279.828988	455.61193	2165.194163	13.114828
373347.515137	7646280.180572	454.509556	2170.194129	11.518472
373352.466554	7646280.619652	453.580058	2175.164976	11.3921
373357.46295	7646280.807483	452.500588	2180.164901	12.844907
373362.311753	7646280.5	451.332211	2185.023444	13.947501
373367.239681	7646279.867459	450.060103	2189.991802	14.741689
373372.142515	7646278.897614	448.709958	2194.989639	14.819602
373376.615347	7646280.5	447.480808	2199.740836	11.415599
373381.615347	7646280.5	446.741068	2204.740836	9.699014
373386.350648	7646281.524594	445.798216	2209.585717	11.750583
373390.826664	7646283.715989	444.696685	2214.569383	14.250534
373395.734414	7646283.014713	443.273436	2219.526983	13.142854
373400.702065	7646282.527315	442.373681	2224.518487	8.234098
373404.886616	7646280.664674	441.888332	2229.098869	4.78987
373409.486719	7646282.624023	441.570924	2234.098869	3.334113
373412.513839	7646286.501032	441.310509	2239.017675	4.004854
373414.924672	7646290.538883	440.897316	2243.720478	7.5867
373419.886111	7646291.101439	440.019111	2248.713708	10.756983
373424.695781	7646292.462468	438.999116	2253.71224	12.5084
373429.53033	7646293.73736	437.801059	2258.712062	13.897842
373434.390491	7646294.894016	436.525901	2263.707962	14.150965
373439.379298	7646295.203844	435.281284	2268.706381	12.706426
373444.372213	7646295.469924	434.27155	2273.706381	10.61455
373449.233007	7646296.607159	433.408752	2278.698436	9.785371
373454.090106	7646297.340944	432.563441	2283.61065	9.501145
373459.087742	7646297.310951	431.750243	2288.608377	11.018093
373464.083509	7646297.513424	430.616888	2293.608245	12.870607
373468.946036	7646298.471817	429.475471	2298.564321	10.307582
373473.281813	7646300.746628	428.825116	2303.460617	7.068463
373477.383489	7646303.383489	428.263747	2308.336762	7.109001
373481.383497	7646306.192597	427.607423	2313.22462	8.904248
373485.772423	7646308.526313	426.71922	2318.195424	11.556876
373490.010564	7646311.010564	425.58647	2323.107995	13.631425
373493.546098	7646314.546098	424.315434	2328.107995	12.806199
373498.150979	7646315.5	423.381047	2332.810639	11.324776
373502.081632	7646318.081632	422.4319	2337.513282	12.009171
373505.350649	7646321.831359	421.322523	2342.48791	12.239722
373506.61165	7646326.505602	420.30255	2347.329261	8.709384
373509.376391	7646330.376391	419.85224	2352.086024	6.211289
373513.908511	7646331.871569	419.265485	2356.85841	8.032384
373518.880587	7646331.857031	418.477166	2361.830508	10.450148
373523.854919	7646332.26538	417.427942	2366.821573	13.018931
373528.780749	7646333.030503	416.170632	2371.806471	15.774507
373533.768235	7646333.367715	414.607705	2376.805344	16.471825
373538.699042	7646334.152435	413.216382	2381.798203	14.181303
373543.248356	7646332.663109	412.136518	2386.585096	12.494416
373547.746528	7646332.367374	411.156793	2391.092979	9.853504
373552.550764	7646333.677074	410.488677	2396.072537	9.044207
373557.363402	7646335.00831	409.569396	2401.065901	10.730037
373562.286	7646335.472348	408.605573	2406.010322	12.123864
373566.751483	7646333.831355	407.48533	2410.767779	13.637844
373570.824262	7646330.934526	406.238751	2415.765693	15.008008
373575.64205	7646329.893757	404.824037	2420.694616	14.468554
373580.5697	7646329.843689	403.695452	2425.62252	12.010715
373585.478578	7646330.268758	402.727397	2430.549768	11.222292
373590.198381	7646328.631693	401.726712	2435.545418	12.603532
373595.096408	7646327.635794	400.492918	2440.543666	13.504425
373600.041645	7646327.126155	399.332464	2445.515094	13.867647
373605.021628	7646327.530904	398.032176	2450.511499	20.982693
373610.019183	7646327.66012	395.499089	2455.510724	26.11152
373614.641144	7646326.167627	393.201388	2460.367683	21.530602
373619.437205	7646325.226573	391.65475	2465.255196	17.439194
373624.405938	7646325.369397	390.104674	2470.225982	16.828728
373629.384519	7646325.654803	388.643037	2475.212737	16.274408
373634.369618	7646325.775772	387.193197	2480.199303	15.086377
373639.238969	7646324.760274	385.958063	2485.173418	11.006983
373643.945983	7646323.075124	385.253306	2490.172989	1.278471
373647.809558	7646320.951258	385.748099	2494.581846	4.44754
373649.598423	7646325.543769	384.527054	2499.510456	12.964031
373654.167034	7646327.575467	383.462532	2504.510456	13.372783
373658.64367	7646329.75503	382.154795	2509.489489	17.109457
373662.544302	7646332.861104	380.395109	2514.475732	19.299688
373666.00911	7646336.226349	378.717333	2519.305822	17.902927
373669.982858	7646339.217226	377.228172	2524.279354	18.155928
373674.243205	7646340.756795	375.60093	2528.809346	19.102459
373679.136837	7646340.5	373.962269	2533.709711	12.693054
373683.154198	7646337.645688	373.387307	2538.637822	8.591094
373687.05189	7646338.05189	372.625745	2542.556624	12.61421
373691.03785	7646340.5	371.463575	2547.23435	12.27505
373696.03785	7646340.5	370.520138	2552.23435	11.222158
373701.03785	7646340.5	369.479563	2557.23435	13.060055
373705.587424	7646341.587424	368.275241	2561.912076	15.091823
373709.122958	7646345.122958	366.869874	2566.912076	15.4427
373713.966782	7646345.5	365.551942	2571.770552	16.651316
373717.714923	7646348.601034	363.961886	2576.635218	14.961401
373721.156544	7646352.156544	362.929711	2581.583591	8.640574
373724.771638	7646355.5	362.461694	2586.507777	4.363151
373729.771638	7646355.5	362.172529	2591.507777	7.847131
373734.771638	7646355.5	361.083525	2596.507777	15.246921
373739.756513	7646355.589379	359.450782	2601.493453	17.680504
373744.478096	7646357.23457	357.900533	2606.493453	19.182839
373749.433475	7646357.689706	355.98015	2611.469689	22.338882
373754.229387	7646358.695987	353.842153	2616.370033	23.068488
373759.03696	7646358.222529	351.835913	2621.200864	19.616711
373763.707569	7646356.502527	350.346541	2626.178112	12.555001
373766.982213	7646357.982213	349.927263	2629.771545	4.6499
373770.233003	7646361.738678	349.650239	2634.739308	2.523204
373770.97809	7646366.397921	349.500437	2639.45775	4.149433
373771.216134	7646371.389685	348.945391	2644.455187	7.511485
373770.683228	7646376.314923	348.188317	2649.409171	6.460733
373769.935169	7646380.935169	347.854411	2654.089584	4.998011
373773.470703	7646384.470703	347.341754	2659.089584	5.179186
373774.5	7646389.044354	346.976305	2663.777626	6.824528
373778.044354	7646390.5	346.322177	2667.609251	8.211351
373783.044354	7646390.5	345.7019	2672.609251	9.917461
373787.059677	7646392.951632	344.625455	2677.313857	13.838607
373791.107068	7646395.452897	343.370993	2682.071766	16.693339
373796.105321	7646395.5	341.699727	2687.070241	16.454028
373801.100057	7646395.629899	340.419182	2692.066666	12.442603
373806.086176	7646395.998412	339.494206	2697.066385	11.668746
373810.808511	7646395.5	338.406015	2701.814949	14.681876
373815.808511	7646395.5	336.940093	2706.814949	15.645989
373820.759342	7646395.855329	335.615602	2711.778515	14.950879
373825.559819	7646397.251666	334.27975	2716.777948	14.614143
373830.290231	7646398.861244	333.009236	2721.774701	13.484978
373834.931576	7646400.676236	331.886519	2726.758302	11.938097
373839.799457	7646401.81009	330.898874	2731.75649	13.345779
373844.774464	7646402.274238	329.515488	2736.753103	19.190784
373849.711939	7646401.700954	327.429816	2741.723747	23.427982
373854.584152	7646400.592723	325.196611	2746.720411	20.110974
373859.561388	7646401.062697	323.769731	2751.719786	13.962377
373864.518992	7646401.691828	322.711191	2756.71715	13.42554
373869.495199	7646402.176224	321.383452	2761.716877	15.231986
373874.044935	7646404.023683	320.012778	2766.627397	15.8314
373877.789046	7646406.888234	318.654307	2771.341632	12.948845
373880.946417	7646410.6061	317.807401	2776.219287	9.256969
373884.483601	7646414.139983	317.044444	2781.219287	10.137949
373886.930863	7646418.454242	316.026496	2786.179319	9.879897
373889.801531	7646422.49116	315.317887	2791.132848	8.217284
373893.648233	7646421.351767	314.731836	2795.144746	10.254002
373898.295419	7646420.5	313.737488	2799.869346	9.612274
373903.295419	7646420.5	313.08495	2804.869346	7.702963
373908.122661	7646421.632047	312.390601	2809.827551	9.68319
373912.998885	7646422.70073	311.387193	2814.819509	13.07118
373917.697142	7646424.358412	310.074919	2819.80163	12.445535
373922.568688	7646424.684908	309.210167	2824.684105	8.453943
373927.548945	7646424.272323	308.606537	2829.681423	8.815137
373932.43771	7646424.963949	307.669543	2834.618868	12.674866
373937.423735	7646425.329845	306.371813	2839.618301	13.649025
373942.250476	7646426.469742	305.251272	2844.577817	12.284323
373946.808258	7646428.491221	304.206266	2849.563771	10.689674
373950.874605	7646429.70208	303.509255	2853.806573	6.960682
373954.232648	7646425.997549	303.077864	2858.806573	6.307199
373959.019457	7646425.5	302.424719	2863.619171	6.002865
373962.695739	7646428.695739	302.059605	2868.490289	4.82417
373966.620352	7646429.275779	301.678808	2872.457534	5.762278
373970.907659	7646426.708233	301.155006	2877.454863	6.931966
373975.360919	7646424.708764	300.477777	2882.3364	7.858043
373980.221479	7646423.552781	299.791779	2887.332533	9.086977
373985.097538	7646422.475847	298.880063	2892.326102	10.340684
373990.04811	7646422.592753	297.977129	2897.278054	10.042868
373994.94065	7646423.547758	297.120318	2902.26293	10.779384
373999.836282	7646424.563245	296.076223	2907.262772	12.583266
374004.705906	7646423.635415	294.89777	2912.219999	13.473008
374009.559362	7646424.049014	293.721632	2917.091047	11.76447
374014.126786	7646425.5	292.885293	2921.883408	7.373916
374019.126786	7646425.5	292.454397	2926.883408	5.747188
374024.126786	7646425.5	291.878872	2931.883408	6.750108
374029.112733	7646425.139653	291.270959	2936.882359	7.559247
374034.083783	7646425.077254	290.555794	2941.853801	9.638178
374037.340953	7646428.863868	289.578522	2946.848558	10.670653
374041.546199	7646430.862943	288.737397	2951.504779	10.649773
374046.241292	7646432.37088	287.775698	2956.436085	8.990857
374050.377026	7646435.158389	287.168092	2961.423519	7.455469
374055.257866	7646435.722617	286.480102	2966.336863	9.361024
374060.048464	7646437.153123	285.533989	2971.33648	10.941498
374064.599283	7646439.145114	284.55327	2976.304174	9.768762
374068.923303	7646440.5	283.898606	2980.835495	7.519787
374072.627748	7646443.627748	283.315165	2985.683764	5.462723
374074.5	7646447.852235	282.993084	2990.304546	4.286979
374076.271916	7646452.047038	282.627451	2994.858232	6.506644
374079.836868	7646455.489027	281.908574	2999.81365	8.993898
374084.831641	7646455.5	281.052627	3004.808435	10.193936
374089.765717	7646455.698444	280.122511	3009.7465	12.751813
374093.771811	7646458.690301	278.80361	3014.7465	13.407025
374098.158931	7646460.5	277.799562	3019.492217	11.171074
374103.158931	7646460.5	276.879077	3024.492217	11.545348
374108.158931	7646460.5	275.756857	3029.492217	13.322469
374113.158931	7646460.5	274.511109	3034.492217	12.192473
374118.158931	7646460.5	273.596222	3039.492217	9.304712
374123.158931	7646460.5	272.872751	3044.492217	8.224891
374128.158931	7646460.5	272.150808	3049.492217	8.261547
374133.158931	7646460.5	271.420805	3054.492217	8.214333
374138.158931	7646460.5	270.707275	3059.492217	8.303593
374143.158414	7646460.43852	269.961386	3064.492079	9.636728
374148.158085	7646460.38401	269.009388	3069.492047	10.66985
374153.146208	7646460.076316	268.077831	3074.489651	9.795885
374158.133826	7646459.726184	267.283312	3079.489543	10.287266
374163.010382	7646458.679148	266.265126	3084.477236	12.101144
374167.839036	7646457.43124	265.144715	3089.464538	11.170536
374172.095589	7646455.761027	264.377398	3094.037049	7.916263
374177.051435	7646456.39088	263.814286	3099.03276	7.024039
374181.385895	7646458.520337	263.16689	3103.862058	7.973527
374185.492165	7646461.241819	262.44787	3108.788306	7.708343
374189.952198	7646463.478689	261.824793	3113.777843	7.90022
374194.679657	7646462.533853	261.086554	3118.598796	8.798228
374199.625973	7646462.575284	260.313068	3123.545286	10.534906
374204.020888	7646461.162118	259.308181	3128.161812	14.441422
374207.736806	7646457.864957	257.844912	3133.12964	15.355787
374211.981541	7646455.880986	256.657306	3137.815141	11.108541
374216.97687	7646455.687325	255.943431	3142.814222	7.150964
374221.588347	7646456.855838	255.433317	3147.571443	6.055142
374225.825109	7646459.509367	254.908533	3152.570579	6.737098
374230.532961	7646460.471891	254.275166	3157.375818	7.940293
374235.530709	7646460.323732	253.540964	3162.375762	7.951789
374240.504401	7646460.304485	252.882056	3167.349491	6.7629
374245.383637	7646461.388152	252.358475	3172.347618	6.800912
374249.5	7646462.976992	251.759806	3176.759971	7.580034
374251.251498	7646463.748502	251.516643	3178.67386	4.364736
374254.905924	7646460.5	251.240538	3183.5634	5.191361
374259.89072	7646460.389944	250.619426	3188.549411	5.855662
374264.708739	7646459.058459	250.216566	3193.548026	5.242056
374269.533228	7646457.852241	249.704585	3198.521019	7.861103
374274.136714	7646455.906236	248.83993	3203.518921	8.790876
374278.216254	7646453.016228	248.158585	3208.5184	7.935746
374280.159053	7646448.901258	247.508721	3213.068943	9.758711
374282.169628	7646444.32739	246.516698	3218.06521	10.118853
374284.984245	7646440.232039	245.730253	3223.034512	9.350801
374288.583673	7646436.76171	244.875149	3228.034419	9.356355
374293.003728	7646435.308199	244.139841	3232.68733	9.05626
374297.303809	7646433.148491	243.366577	3237.499298	9.631557
374300.684918	7646429.556641	242.486152	3242.432176	10.805067
374304.08208	7646425.91792	241.475114	3247.410228	11.720093
374308.486795	7646423.617325	240.422572	3252.379559	12.289122
374312.751372	7646421.021664	239.305153	3257.37196	11.319428
374317.090406	7646418.625468	238.431095	3262.32867	9.445894
374321.507216	7646416.822687	237.686856	3267.099228	8.294507
374326.357662	7646418.032183	237.006874	3272.098199	7.254944
374331.146876	7646419.465361	236.414108	3277.097256	6.873509
374335.737638	7646419.622184	235.850589	3281.690696	6.39604
374339.869286	7646416.81391	235.339218	3286.686386	7.09125
374344.600805	7646415.500184	234.618279	3291.5969	8.207951
374349.600797	7646415.509253	233.90973	3296.5969	8.884788
374354.578402	7646415.584427	233.0585	3301.575073	12.095588
374358.11675	7646419.11675	231.771523	3306.574793	13.058619
374362.543788	7646420.5	230.823111	3311.212902	11.263787
374366.652283	7646422.652283	229.924104	3315.851011	11.259026
374370.466356	7646425.611094	228.938854	3320.678195	12.211604
374375.370084	7646426.469477	227.802071	3325.656486	16.379485
374379.808361	7646428.420611	226.050669	3330.504704	16.550233
374383.6131	7646430.5	225.07294	3334.840589	9.605083
374388.6131	7646430.5	224.470817	3339.840589	9.526839
374393.6131	7646430.5	223.394749	3344.840589	12.143174
374398.6131	7646430.5	222.319185	3349.840589	9.69652
374402.936043	7646432.760797	221.706867	3354.719015	7.580528
374407.568722	7646434.308841	221.019951	3359.603496	10.294617
374412.559953	7646434.591332	219.911707	3364.602715	14.122326
374417.504319	7646434.932146	218.515301	3369.558813	16.107708
374422.501823	7646434.774467	217.036668	3374.558804	16.538854
374427.369247	7646433.756169	215.55396	3379.531604	15.439872
374432.2467	7646432.855437	214.293386	3384.491531	13.854511
374437.172493	7646433.70942	213.097773	3389.490803	14.879099
374442.096597	7646434.577248	211.636775	3394.490796	15.275535
374447.035061	7646435.184576	210.373403	3399.466464	11.785921
374449.5	7646437.77842	209.852014	3403.044725	3.402841
374449.5	7646442.77842	209.863348	3408.044725	-0.477156
374451.111086	7646447.111086	209.932149	3412.667234	-0.492854
374454.5	7646450.707352	209.945616	3417.608678	-0.300355
374454.707352	7646455.5	209.983199	3422.405809	4.787865
374459.707352	7646455.5	209.125042	3427.405809	6.259921
374464.628443	7646455.662781	208.894662	3432.329591	9.300094
374467.725647	7646459.587997	207.499993	3437.329591	13.821716
374472.283542	7646460.5	206.521021	3441.977834	9.358163
374477.283542	7646460.5	205.910021	3446.977834	7.169742
374481.468262	7646462.468262	205.310364	3451.602326	7.757501
374485.212475	7646465.5	204.62377	3456.420061	6.923208
374490.212475	7646465.5	204.118288	3461.420061	4.78601
374495.003796	7646466.003796	203.80179	3466.237795	6.960918
374498.53933	7646469.53933	202.919655	3471.237795	7.353492
374502.074863	7646473.074863	202.511309	3476.237795	3.624236
374506.070339	7646475.5	202.306936	3480.911671	3.008276
374511.067994	7646475.585791	202.003021	3485.910062	6.026362
374516.061963	7646475.82652	201.251467	3490.90983	10.285963
374521.051918	7646475.885561	200.1901	3495.900134	12.033079
374526.046505	7646476.118148	199.121998	3500.900133	11.869983
374531.005155	7646475.906003	198.096042	3505.863319	9.616464
374535.943401	7646475.331486	197.438777	3510.834873	7.699105
374540.802463	7646474.580573	196.759289	3515.751615	7.724291
374545.25489	7646472.35646	196.096855	3520.728641	6.728348
374549.413536	7646474.590583	195.61523	3525.449408	8.727786
374554.317155	7646475.490288	194.606819	3530.434882	7.531455
374559.316389	7646475.5	194.295179	3535.434126	3.467963
374562.905702	7646478.905702	194.004024	3540.382051	4.161315
374567.195814	7646481.019016	193.587256	3545.164431	8.498339
374571.910404	7646482.474512	192.552211	3550.098581	13.640733
374575.037128	7646485.542232	191.326904	3554.478912	14.681451
374579.5	7646486.41648	190.213148	3559.026608	10.347228
374580.148049	7646491.148049	189.62466	3563.80235	9.837551
374583.683583	7646494.683583	188.518036	3568.80235	15.387051
374586.741499	7646498.258501	186.954079	3573.506698	8.810075
374585.794035	7646501.794035	187.221655	3577.166983	1.99488
374589.329569	7646505.329569	186.652439	3582.166983	4.011979
374589.5	7646510.258974	186.525051	3587.099334	3.335737
374592.865103	7646513.865103	186.077487	3592.031684	4.392035
374597.187907	7646515.5	185.79127	3596.65332	1.676701
374602.187907	7646515.5	185.795848	3601.65332	-0.004264
374607.187907	7646515.5	185.792014	3606.65332	5.921455
374610.312403	7646518.062195	184.858188	3610.694028	13.366394
374613.527952	7646520.5	183.87313	3614.729205	8.853057
374618.50615	7646520.918524	183.451603	3619.724964	5.423384
374623.185109	7646522.54124	182.928688	3624.677323	4.608198
374626.164305	7646526.422676	182.658072	3629.570294	3.279575
374628.921473	7646530.588967	182.362047	3634.566288	2.738647
374629.5	7646535.365688	182.18894	3639.377915	2.964773
374634.365132	7646535.573554	181.86066	3644.247485	4.224382
374634.5	7646540.440709	181.469637	3649.116509	3.800089
374639.424284	7646540.90253	181.208758	3654.062401	4.211379
374644.354743	7646541.28984	180.741294	3659.00805	7.440789
374648.313703	7646544.313703	179.912276	3663.989726	13.600544
374652.220867	7646547.406491	178.330535	3668.972825	14.623001
374655.710377	7646550.5	177.395516	3673.636137	10.335682
374660.611554	7646550.97902	176.582012	3678.560667	11.520903
374665.209739	7646552.942479	175.372669	3683.560514	15.372158
374669.610358	7646555.289816	173.836336	3688.548043	18.681544
374673.60916	7646558.290925	171.995868	3693.547751	18.984342
374677.530033	7646560.5	170.568208	3698.048112	14.701992
374681.620217	7646562.664667	169.600907	3702.675788	10.826886
374685.255598	7646566.046077	168.733722	3707.640658	9.640729
374689.315796	7646568.964088	167.908239	3712.640658	9.570609
374693.284307	7646572.004688	167.047771	3717.64009	10.147353
374696.993883	7646575.344909	166.120063	3722.631887	8.178312
374701.28466	7646577.65716	165.629922	3727.506029	7.50258
374706.000012	7646579.28222	164.821338	3732.493551	11.271169
374710.536056	7646579.624181	163.729401	3737.042466	11.665751
374714.792294	7646577.138395	162.86453	3741.971431	11.719156
374717.211992	7646578.211992	162.157863	3744.618609	9.955395
374720.97657	7646581.465599	161.526562	3749.594351	8.863607
374724.755594	7646584.585898	160.617719	3754.495095	8.664859
374729.13627	7646585.5	160.097794	3758.970126	6.095003
374732.778338	7646588.778338	159.616651	3763.870347	6.401233
374737.065203	7646590.5	159.029792	3768.490014	7.754494
374741.313872	7646592.313872	158.358532	3773.109681	8.134086
374744.969487	7646595.654113	157.661795	3778.061522	10.729613
374749.658715	7646597.370427	156.474081	3783.054977	15.855515
374754.287643	7646599.260407	154.823589	3788.054876	17.059631
374759.161538	7646599.675197	153.438808	3792.94639	15.108194
374764.154217	7646599.728001	152.155119	3797.939348	14.058224
374768.516927	7646602.053851	150.950602	3802.883316	12.299083
374772.771328	7646602.228672	150.148983	3807.141307	11.537063
374776.306862	7646602.306862	149.359612	3810.677706	10.030518
374779.842396	7646605.157604	148.720208	3815.219372	6.434583
374783.377929	7646601.622071	148.283543	3820.219372	6.708825
374786.941261	7646598.114658	147.54396	3825.219299	3.627253
374789.508878	7646601.88278	147.677551	3829.779059	-1.17483
374790.468378	7646606.468378	147.73354	3834.463965	1.373029
374794.003912	7646610.003912	147.445426	3839.463965	3.5176
374798.798426	7646610.5	147.129906	3844.284076	4.526268
374803.798426	7646610.5	146.668059	3849.284076	6.371694
374808.798426	7646610.5	146.013262	3854.284076	8.406271
374812.539446	7646613.539446	145.216896	3859.104186	7.854713
374814.5	7646617.727358	144.710415	3863.728294	6.337411
374816.727358	7646620.5	144.308369	3867.284791	5.955463
374821.727358	7646620.5	143.817841	3872.284791	6.806074
374825.335312	7646622.564795	143.21551	3876.441798	10.700968
374827.467763	7646627.071437	142.090202	3881.427495	13.669159
374830.56394	7646630.940701	140.797837	3886.383049	15.756781
374834.54306	7646633.957205	139.283161	3891.376314	12.12164
374838.659278	7646635.5	138.781338	3895.77216	5.816463
374842.441053	7646638.441053	138.347377	3900.562946	4.208236
374846.58821	7646640.5	138.088168	3905.193082	3.156457
374851.532829	7646640.97773	137.81811	3910.160726	5.963841
374854.5	7646643.627032	137.153699	3914.138527	9.183659
374856.058048	7646648.211239	136.39228	3918.98027	9.709229
374858.617985	7646652.493012	135.471776	3923.968942	10.686609
374862.30491	7646655.102049	134.598578	3928.485633	12.419664
374866.628945	7646657.396311	133.39916	3933.380622	14.112692
374870.503728	7646660.539036	132.113626	3938.369676	13.777502
374875.274245	7646662.021706	130.950923	3943.365288	13.740093
374880.153041	7646663.021706	129.674457	3948.345514	12.835716
374884.86667	7646664.339479	128.701065	3953.239881	9.104466
374889.785575	7646663.499849	128.090488	3958.229931	9.227926
374894.649529	7646664.116591	127.093856	3963.13283	14.478736
374899.621889	7646664.408515	125.538349	3968.113752	16.098166
374904.282932	7646665.282932	124.287801	3972.856107	13.978304
374909.19302	7646665.5	123.134487	3977.77099	11.337715
374914.19302	7646665.5	122.299884	3982.77099	5.911385
374916.713038	7646661.361534	122.115122	3987.616337	1.98516
374921.196762	7646660.5	121.973692	3992.182082	2.869536
374926.179524	7646660.741246	121.636227	3997.170681	5.937963
374931.12328	7646661.487361	120.934839	4002.170422	10.432249
374934.518144	7646663.93818	119.944836	4006.357499	9.963105
374934.643346	7646668.936438	119.321088	4011.357325	7.868977
374937.494807	7646672.551731	118.617469	4015.961798	7.196384
374941.27816	7646675.679056	118.119958	4020.870354	6.085045
374946.102329	7646676.978174	117.56162	4025.866384	8.640805
374949.852679	7646679.604262	116.665035	4030.444754	10.324807
374954.178121	7646680.5	115.922871	4034.861969	8.722677
374959.178121	7646680.5	115.220227	4039.861969	8.603582
374964.178118	7646680.494939	114.409919	4044.861969	9.657403
374969.178118	7646680.492081	113.518598	4049.861969	13.064215
374974.152044	7646680.006511	112.090064	4054.859541	14.103212
374976.957471	7646676.056132	111.045755	4059.704736	9.473454
374981.063155	7646677.063155	110.576202	4063.932114	4.485885
374984.639567	7646680.5	110.324983	4068.892218	5.032003
374989.639567	7646680.5	109.699225	4073.892218	6.826751
374994.639152	7646680.489249	109.127904	4078.891815	7.749854
374999.623059	7646680.093751	108.338465	4083.891389	8.071251
375004.56329	7646679.327523	107.710014	4088.890689	7.129125
375008.723832	7646676.885775	107.109857	4093.71482	7.736012
375012.442552	7646678.442552	106.507063	4097.74625	8.175188
375016.590329	7646680.5	105.865588	4102.376277	8.345883
375021.086809	7646681.860704	105.138683	4107.074132	7.971855
375024.758609	7646685.219847	104.510826	4112.050673	6.853248
375029.627006	7646685.5	103.954532	4116.927124	7.304924
375034.589807	7646685.589807	103.249463	4121.890737	7.528373
375038.125341	7646689.125341	102.637817	4126.890737	8.110724
375041.522482	7646692.790922	101.824712	4131.888443	7.521586
375045.132699	7646696.131515	101.328541	4136.807103	4.866139
375049.900677	7646697.128816	100.991281	4141.678265	3.303109
375053.785837	7646699.785837	100.775772	4146.385094	3.258829
375056.018321	7646704.180319	100.442643	4151.314136	4.345551
375060.357545	7646706.170483	100.038472	4156.087983	4.947085
375065.072113	7646706.279405	99.621259	4160.803809	4.395965
375069.794835	7646705.794835	99.311	4165.551325	2.80868
375073.330369	7646709.330369	99.14306	4170.551325	1.876304
375075.907962	7646713.535232	98.985642	4175.483349	2.00543
375076.847668	7646717.847668	98.815825	4179.896982	1.898854
375080.383202	7646719.616798	98.708253	4183.850438	0.541387
375083.918736	7646716.081264	98.731224	4188.850438	0.840012
375087.45427	7646718.45427	98.572515	4193.108508	2.60743
375090.989804	7646719.010196	98.374338	4196.687482	2.682329
375094.5	7646715.464167	98.171093	4201.677051	2.29535
375094.525338	7646710.474662	97.974358	4206.66662	1.665341
375098.060872	7646706.939128	97.880666	4211.66662	0.916369
375102.464765	7646705.5	97.820281	4216.299693	0.432408
375107.464765	7646705.5	97.807967	4221.299693	1.258016
375111.596406	7646707.596406	97.608744	4225.932767	3.218722
375115.393697	7646710.5	97.278613	4230.712964	3.543221
375120.393697	7646710.5	97.003174	4235.712964	2.679439
375125.13194	7646709.86806	96.820922	4240.493161	1.119389
375128.667473	7646706.332527	96.81208	4245.493161	0.379287
375132.203007	7646708.203007	96.761345	4249.492999	1.240518
375136.14862	7646711.091625	96.619581	4254.382985	2.443855
375140.248752	7646710.298375	96.374421	4258.559148	3.750152
375145.087649	7646709.046567	96.018255	4263.557341	3.57421
375149.862575	7646709.483374	95.762737	4268.352205	3.890722
375154.706632	7646708.399853	95.354586	4273.315965	5.624834
375159.578995	7646707.284379	94.781607	4278.314384	6.10895
375164.184226	7646705.815774	94.30231	4283.148115	3.607374
375167.71976	7646708.71976	94.188444	4287.723389	2.095559
375171.352431	7646712.152456	93.952028	4292.721359	4.466365
375175.524019	7646714.855205	93.40981	4297.691973	5.107924
375179.5	7646716.875006	93.109115	4302.151572	2.773476
375179.5	7646721.875006	92.951562	4307.151572	1.532834
375180.472276	7646726.472276	92.849584	4311.85053	1.040957
375184.00781	7646730.00781	92.775336	4316.85053	0.857458
375188.803938	7646730.5	92.702597	4321.671847	0.947661
375193.803938	7646730.5	92.612883	4326.671847	0.341234
375198.803938	7646730.5	92.643042	4331.671847	-0.003124
375203.803938	7646730.5	92.613428	4336.671847	1.866737
375207.543344	7646727.456656	92.322952	4341.493164	4.582316
375209.921824	7646723.307336	91.843715	4346.275844	7.006344
375211.318783	7646718.681217	91.141319	4351.108283	9.685868
375214.5	7646714.99892	90.188416	4355.974437	7.760715
375214.854317	7646710.145683	89.814996	4360.84059	3.468163
375218.389851	7646706.610149	89.590496	4365.84059	5.335993
375222.926357	7646705.341695	88.908053	4370.551096	8.271395
375225.191398	7646701.827179	88.297912	4374.732272	7.923643
375229.102502	7646700.229769	87.738135	4378.957015	5.97402
375230.783454	7646695.657312	87.346041	4383.828664	5.638653
375234.598228	7646693.419848	86.820529	4388.251191	5.501161
375235.056462	7646688.441655	86.438663	4393.25043	4.394462
375237.485719	7646685.5	86.143183	4397.065482	5.200443
375241.611222	7646683.388778	85.669665	4401.699814	5.012493
375245.414651	7646680.5	85.317834	4406.475912	3.839626
375250.414651	7646680.5	85.013566	4411.475912	3.306566
375255.412534	7646680.562187	84.740205	4416.474182	3.301085
375260.400359	7646680.910455	84.436898	4421.474151	3.30149
375265.334113	7646680.783461	84.167094	4426.409539	4.183923
375270.311434	7646680.5	83.711182	4431.394925	7.566449
375275.311434	7646680.5	82.840749	4436.394925	10.35144
375280.311434	7646680.5	81.884653	4441.394925	8.659301
375285.311434	7646680.5	81.317849	4446.394925	5.859462
375290.282036	7646680.716438	80.860968	4451.370237	5.081632
375295.119028	7646681.958133	80.431374	4456.364063	4.885188
375300.073537	7646681.917723	80.010697	4461.318737	5.144596
375303.824403	7646684.824403	79.558091	4466.064028	6.381579
375308.544562	7646685.5	78.946709	4470.83229	8.672443
375313.544562	7646685.5	78.068189	4475.83229	8.630679
375318.544562	7646685.5	77.42892	4480.83229	5.71629
375323.544562	7646685.5	77.067215	4485.83229	2.34913
375326.071767	7646681.773336	77.039099	4490.335044	2.180627
375330.226857	7646680.5	76.730293	4494.680864	3.95041
375335.226857	7646680.5	76.393723	4499.680864	5.008834
375340.226857	7646680.5	75.853879	4504.680864	7.161298
375345.226857	7646680.5	75.137328	4509.680864	7.651577
375350.218529	7646680.390289	74.511427	4514.673742	6.573824
375355.156862	7646679.610187	73.985823	4519.673312	4.794682
375359.980487	7646679.724418	73.68738	4524.498289	4.300729
375364.876632	7646678.798608	73.248261	4529.481196	6.21857
375369.633396	7646677.705472	72.612641	4534.361949	7.2995
375371.740324	7646677.740324	72.35317	4536.469165	4.5152
375375.587955	7646680.642352	72.065676	4541.288504	5.712024
375380.31991	7646680.5	71.397614	4546.0226	9.484991
375385.249263	7646680.167047	70.449344	4550.963185	10.107984
375389.842847	7646678.215804	69.627185	4555.954013	10.454115
375394.808902	7646677.928875	68.610718	4560.92835	12.436758
375399.808048	7646678.011273	67.427581	4565.928175	12.288722
375404.382669	7646676.631507	66.480852	4570.706345	9.263452
375408.964715	7646675.5	65.878514	4575.426033	6.086535
375413.964715	7646675.5	65.444458	4580.426033	3.784654
375418.964715	7646675.5	65.217025	4585.426033	1.479863
375423.944015	7646675.070564	65.18618	4590.423817	-0.1172
375428.823482	7646674.823482	65.237241	4595.309536	-0.175832
375432.359016	7646672.640984	65.213924	4599.464448	0.002341
375434.5	7646668.527809	65.236882	4604.101475	0.278292
375436.472191	7646665.5	65.173851	4607.714945	2.125025
375441.472191	7646665.5	64.917283	4612.714945	2.248074
375445.89455	7646664.10545	64.795547	4617.351973	1.280654
375449.430084	7646660.569916	64.70185	4622.351973	1.940126
375453.392594	7646663.478041	64.459686	4627.26712	3.031312
375457.308984	7646665.5	64.208174	4631.674663	3.129542
375461.486252	7646663.513748	63.96582	4636.30011	3.055814
375465.02867	7646659.985191	63.694341	4641.300054	4.479239
375468.619127	7646656.505472	63.182477	4646.300036	4.853168
375469.5	7646651.880021	62.870041	4651.008618	5.190712
375470.846495	7646647.139762	62.3071	4655.936407	7.04205
375471.936044	7646642.301183	61.648676	4660.896141	3.970874
375475.09343	7646640.790608	61.719867	4664.396274	0.656874
375479.593407	7646642.950039	61.551324	4669.387559	1.97294
375483.83689	7646641.16311	61.389327	4673.991934	3.279529
375488.562221	7646640.5	61.014083	4678.763566	5.983316
375493.562221	7646640.5	60.365194	4683.763566	7.827446
375498.562221	7646640.5	59.639414	4688.763566	6.69535
375502.372424	7646637.627576	59.218129	4693.535197	5.34824
375506.282181	7646636.387989	58.808762	4697.636755	5.00936
375510.901755	7646638.084788	58.427266	4702.558096	4.969573
375515.615335	7646636.747746	57.954827	4707.457638	3.18078
375519.165403	7646640.165403	57.881155	4712.385454	2.115469
375523.923891	7646641.422207	57.591011	4717.307116	4.872263
375528.709124	7646640.291823	57.042512	4722.224048	5.797996
375533.6606	7646639.655631	56.58486	4727.216228	4.985563
375538.301733	7646640.5	56.195532	4731.933544	3.828364
375543.301733	7646640.5	55.934624	4736.933544	4.116168
375548.27803	7646640.92387	55.476317	4741.92786	7.373882
375552.879145	7646642.727361	54.648773	4746.869807	7.238045
375555.442162	7646644.557838	54.448694	4750.019363	1.704479
375558.977696	7646641.022304	54.406269	4755.019363	1.65251
375563.76135	7646640.5	54.165626	4759.831447	3.863732
375568.76135	7646640.5	53.743607	4764.831447	5.453906
375573.76135	7646640.5	53.210883	4769.831447	5.119994
375578.736749	7646640.042764	52.847966	4774.827811	3.457991
375583.720009	7646639.720009	52.607234	4779.821512	3.007224
375588.30054	7646641.361355	52.330024	4784.687237	3.373591
375592.334981	7646644.176702	52.030419	4789.606882	2.987673
375596.062401	7646647.400389	51.816067	4794.534946	4.301099
375599.772598	7646650.716847	51.28553	4799.511335	7.626697
375603.649937	7646653.872888	50.480317	4804.510771	6.973318
375606.91083	7646653.435224	50.271648	4807.800902	3.288423
375610.716668	7646651.244767	50.038985	4812.192088	8.757668
375615.146151	7646653.549614	48.826001	4817.185347	11.976852
375619.389658	7646656.057139	47.934197	4822.114346	10.664425
375623.903804	7646658.204003	46.956592	4827.113	9.559383
375627.723867	7646661.397884	46.253873	4832.092333	7.279276
375631.134187	7646665.035677	45.683658	4837.078696	6.848625
375633.462542	7646669.413479	45.059498	4842.037162	6.532292
375635.250812	7646673.911736	44.561624	4846.877847	6.785931
375639.674509	7646675.5	43.924229	4851.578025	8.443549
375644.674509	7646675.5	43.121735	4856.578025	7.985513
375649.657185	7646675.424195	42.52379	4861.561278	7.291211
375654.160814	7646673.252256	41.844446	4866.561278	9.030397
375658.533058	7646674.053025	41.022762	4871.006246	13.828728
375663.224059	7646674.29747	39.594081	4875.703612	22.946297
375668.182145	7646673.707555	36.920272	4880.696668	27.99254
375673.173757	7646673.587807	34.286227	4885.689716	22.054042
375674.904431	7646669.928743	33.257764	4889.737429	12.626143
375677.793525	7646665.847917	32.25955	4894.737429	9.12024
375677.312784	7646661.34563	31.728238	4899.26531	6.505462
375677.848424	7646656.766797	31.217563	4903.875366	7.377125
375679.5	7646652.259122	30.509849	4908.676079	7.173118
375679.5	7646647.259122	29.984153	4913.676079	6.52587
375681.791647	7646643.208353	29.405524	4918.330149	6.868446
375684.5	7646639.33019	28.853802	4923.060406	5.179553
375685.327181	7646634.672819	28.547979	4927.790663	3.420695
375688.862715	7646631.137285	28.272208	4932.790663	2.949209
375689.5	7646626.401258	28.044206	4937.569375	3.266401
375692.398249	7646622.601751	27.726769	4942.348087	3.870713
375696.527675	7646620.5	27.407396	4946.981609	4.450001
375700.933782	7646619.066218	27.005595	4951.61513	5.735111
375704.469316	7646615.530684	26.439909	4956.61513	6.518201
375704.848744	7646610.556422	25.864345	4961.603842	3.969962
375708.158962	7646606.841038	25.748371	4966.579947	1.25713
375712.603486	7646605.5	25.653276	4971.222379	2.07025
375717.453841	7646604.547923	25.401886	4976.165292	4.222758
375721.880981	7646602.32245	24.922486	4981.12032	5.069295
375726.321339	7646600.16649	24.524496	4986.056406	4.026971
375730.378949	7646600.5	24.288386	4990.127699	2.946884
375735.378949	7646600.5	24.057536	4995.127699	3.277892
375740.121511	7646599.878489	23.728099	4999.910812	5.474286
375743.657045	7646596.342955	23.119988	5004.910812	6.502219
375746.650514	7646592.35775	22.59018	5009.895059	3.716528
375748.892044	7646587.906648	22.472525	5014.878709	2.501002
375752.025345	7646588.025345	22.235557	5018.014257	4.689096
375755.995785	7646590.383576	21.836574	5022.632228	6.181461
375760.436581	7646588.95818	21.230286	5027.296177	2.821082
375759.70102	7646585.29898	21.42284	5031.028575	0.14007
375763.236554	7646581.763446	21.208939	5036.028575	3.790823
375767.654187	7646581.113081	20.7957	5040.493825	7.523223
375772.61406	7646581.658413	19.960301	5045.483587	13.409345
375777.548379	7646582.406973	18.416353	5050.474363	15.516
375782.365555	7646583.422376	17.208063	5055.397393	10.979616
375786.934159	7646581.692097	16.513488	5060.282679	6.3708
375791.477505	7646580.5	16.138199	5064.979815	4.502978
375796.477505	7646580.5	15.749822	5069.979815	5.211265
375801.477505	7646580.5	15.226172	5074.979815	7.810218
375806.466849	7646580.294987	14.379101	5079.973369	11.218714
375811.440551	7646579.782905	13.244064	5084.973363	12.617581
375816.40239	7646579.176712	12.140967	5089.972094	11.101258
375821.264651	7646578.159054	11.288576	5094.939711	7.98277
375825.514861	7646575.555867	10.745444	5099.923771	7.252351
375829.31571	7646572.308325	10.018154	5104.92307	12.316316
375834.126799	7646571.053833	8.568451	5109.895024	19.226687
375838.572198	7646568.836538	6.551721	5114.862717	17.893104
375842.465291	7646565.725714	5.355788	5119.846028	9.660192
375847.368666	7646565.790992	4.868804	5124.749838	5.755253
375852.339532	7646566.329172	4.357647	5129.749752	5.717941
375856.760932	7646567.760932	3.902847	5134.397195	4.832675
375860.626373	7646570.5	3.564203	5139.134718	3.37964
375864.612631	7646571.620728	3.378559	5143.275524	2.813299
375866.103676	7646575.5	3.156506	5147.43148	2.86779
375870.170685	7646576.956694	2.953974	5151.751494	3.094971
375872.90125	7646580.5	2.681061	5156.22486	3.642087
375877.243357	7646582.510595	2.364676	5161.009877	4.16233
375881.440376	7646585.203718	1.969946	5165.996648	4.893046
375884.632238	7646588.968956	1.515225	5170.932739	6.125351
375888.231618	7646592.437584	0.903809	5175.931431	7.305415
375892.385653	7646594.539281	0.277611	5180.586872	7e-06
