x	y	z	L	slope
369067.6994	7647199.2903	1723.219116	0.0	11.742685
369071.251627	7647195.771539	1722.179812	5.0	10.83078
369075.034381	7647192.517098	1721.307907	9.990051	8.868458
369078.87621	7647189.327133	1720.622099	14.983599	6.468227
369083.138591	7647186.715824	1720.175083	19.982282	4.993076
369087.299449	7647183.962336	1719.749495	24.971714	5.836555
369091.289927	7647180.961795	1719.154729	29.964425	7.855803
369095.30764	7647177.986502	1718.370866	34.963863	9.16452
369099.162246	7647174.810716	1717.542486	39.958221	8.79399
369103.515232	7647172.466576	1716.833435	44.902255	7.056476
369107.49422	7647169.438763	1716.311598	49.902255	6.436031
369111.381346	7647166.295431	1715.70553	54.901284	7.646234
369115.793029	7647164.115082	1714.979867	59.822347	8.361346
369120.621029	7647162.841759	1714.248413	64.815436	6.851934
369125.594557	7647162.601108	1713.781593	69.794783	5.587304
369130.59049	7647162.802617	1713.272191	74.794778	6.229418
369135.589391	7647162.803668	1712.690203	79.793679	6.61124
369140.588722	7647162.885305	1712.113326	84.793677	6.954498
369145.585039	7647163.059767	1711.470532	89.793039	7.384389
369150.575416	7647163.369321	1710.817448	94.793008	7.202334
369155.420526	7647164.499511	1710.210002	99.768188	7.760661
369160.297875	7647165.589863	1709.458344	104.765928	9.630296
369165.22634	7647166.327836	1708.516439	109.749337	10.203245
369170.183531	7647165.687655	1707.661811	114.747694	8.722682
369174.480251	7647163.349533	1706.999088	119.639383	7.280527
369178.498586	7647160.394354	1706.399645	124.627378	6.745921
369181.890588	7647156.725872	1705.818119	129.62372	7.055998
369185.626132	7647153.518411	1705.17182	134.547347	7.264551
369190.037584	7647151.167563	1704.553312	139.546086	5.784099
369194.553998	7647149.2903	1704.170057	144.43711	5.062406
369199.26005	7647148.288349	1703.693824	149.248641	5.538891
369203.348133	7647145.438043	1703.220207	154.232281	6.112269
369206.887962	7647141.906816	1702.624751	159.232276	5.938072
369210.054888	7647138.144691	1702.18869	164.149898	4.289573
369213.871369	7647134.916778	1701.880991	169.148393	3.23457
369218.63219	7647134.2903	1701.63485	173.950256	2.96282
369223.63219	7647134.2903	1701.37369	178.950256	3.818694
369228.63219	7647134.2903	1700.967393	183.950256	5.41886
369233.63219	7647134.2903	1700.425118	188.950256	6.085047
369238.631811	7647134.316905	1699.901406	193.949948	5.577031
369243.628774	7647134.483661	1699.448741	198.949692	4.986919
369248.250878	7647135.569292	1699.050866	203.697581	5.157952
369251.487329	7647139.2903	1698.575028	208.629164	4.281946
369255.37787	7647141.96877	1698.327985	213.352565	2.610439
369259.416261	7647144.2903	1698.147315	218.010687	1.318401
369263.913404	7647145.504304	1698.113582	222.668809	0.802277
369267.448938	7647149.039838	1698.012074	227.668809	3.429892
369272.217614	7647150.335192	1697.517762	232.610288	9.647513
369276.753919	7647152.435139	1696.322375	237.609072	13.622632
369281.443682	7647154.119607	1695.09879	242.592175	11.601154
369286.416559	7647154.132327	1694.278556	247.565067	8.669441
369291.413613	7647153.962556	1693.578221	252.565005	8.026664
369296.396937	7647154.195989	1692.870033	257.553793	7.438067
369301.38365	7647154.470075	1692.274946	262.548033	5.714467
369306.371415	7647154.81459	1691.869991	267.547682	5.049128
369310.386563	7647157.562007	1691.403389	272.412835	5.768933
369314.72831	7647159.328308	1690.904952	277.100114	6.754894
369319.727667	7647159.406194	1690.256024	282.100077	8.877507
369324.671695	7647158.952877	1689.348571	287.064844	10.567651
369329.494121	7647157.668957	1688.398835	292.055259	8.715227
369334.302055	7647156.313682	1687.817872	297.050557	5.732003
369339.218951	7647155.88856	1687.402063	301.985797	4.341223
369343.669219	7647158.141393	1687.064582	306.973797	4.58593
369347.410407	7647161.444411	1686.601691	311.964429	6.415705
369351.158688	7647164.659191	1685.948178	316.902488	7.574946
369355.692529	7647166.759236	1685.280587	321.899077	6.408597
369360.209563	7647168.89388	1684.825842	326.895105	4.731158
369365.045311	7647169.859164	1684.459013	331.826255	4.852531
369369.9362	7647170.883616	1683.983007	336.823283	6.753833
369374.828399	7647171.911618	1683.275258	341.822324	8.092096
369379.645896	7647173.244455	1682.5616	346.820796	7.897915
369384.483488	7647174.474444	1681.889445	351.812306	8.190271
369389.426429	7647175.224512	1681.123644	356.811833	9.42996
369394.38658	7647175.854272	1680.228716	361.811803	10.447886
369399.361503	7647176.348628	1679.279827	366.811227	11.117235
369404.35955	7647176.434516	1678.264081	371.810012	12.781603
369409.328201	7647175.961279	1677.013615	376.801148	15.996043
369414.238662	7647175.020852	1675.40009	381.800852	18.535653
369419.1764	7647174.256855	1673.662122	386.797345	19.277489
369424.155242	7647173.797735	1671.9039	391.797311	18.70056
369429.141859	7647173.538484	1670.279569	396.790663	16.562995
369434.141427	7647173.604151	1668.931872	401.790662	14.312514
369439.140119	7647173.699305	1667.728457	406.790259	13.821964
369444.140051	7647173.725222	1666.471746	411.790259	14.855646
369449.124681	7647173.499359	1665.078752	416.780003	16.176483
369454.062499	7647172.713452	1663.574001	421.779973	16.337797
369458.981225	7647171.827862	1662.148126	426.777786	13.876588
369463.832055	7647170.656193	1661.106593	431.768113	9.606789
369468.56797	7647169.105642	1660.460052	436.751394	6.817676
369473.43371	7647168.012507	1659.914623	441.738414	5.950325
369478.275459	7647166.787523	1659.419751	446.732724	5.217824
369483.11934	7647165.551397	1659.002042	451.731842	5.291652
369487.968314	7647164.406347	1658.495294	456.71418	6.366476
369492.780282	7647163.052474	1657.888424	461.71298	6.455093
369497.649457	7647162.051336	1657.367324	466.684011	5.576523
369502.595275	7647162.394461	1656.919039	471.641717	6.627117
369507.543138	7647163.108422	1656.21054	476.640826	10.067773
369512.530043	7647163.403174	1655.144562	481.636434	12.82562
369517.525789	7647163.522166	1653.935607	486.633597	13.85934
369522.492024	7647162.953094	1652.67843	491.632331	14.593556
369527.452033	7647162.326008	1651.332546	496.631823	15.46773
369532.36752	7647161.428192	1649.912358	501.628631	16.441627
369537.215228	7647160.219015	1648.383634	506.624867	17.98911
369542.082088	7647159.1016	1646.6687	511.618357	18.77412
369547.031257	7647158.390957	1644.986741	516.618285	17.008695
369551.937702	7647157.434045	1643.610192	521.617174	13.798096
369556.805257	7647156.293507	1642.531355	526.616566	12.074563
369561.659204	7647155.094182	1641.471233	531.616484	12.445624
369566.562048	7647154.201282	1640.328093	536.599972	13.654211
369571.435546	7647153.159988	1639.050055	541.583472	14.871307
369576.264657	7647151.86781	1637.677388	546.582475	16.075821
369581.026239	7647150.342281	1636.168654	551.582466	16.602463
369585.583573	7647148.324154	1634.700601	556.566654	15.379164
369590.200701	7647146.410641	1633.423108	561.564594	12.280936
369594.986655	7647144.964147	1632.524298	566.564364	10.079236
369599.882143	7647144.210366	1631.653992	571.517543	9.678131
369604.877135	7647143.990592	1630.826961	576.517368	8.571012
369609.709825	7647142.962029	1630.155782	581.458302	6.607537
369614.395889	7647141.22025	1629.675545	586.457601	3.915102
369617.750583	7647144.341483	1629.500067	591.039748	2.733963
369621.286117	7647147.877017	1629.217984	596.039748	3.153045
369623.044999	7647152.271652	1628.963894	600.773297	3.278535
369626.305043	7647154.2903	1628.727192	604.607723	2.177102
369631.305043	7647154.2903	1628.628055	609.607723	2.561449
369635.933137	7647155.885168	1628.284539	614.502911	5.122441
369640.526914	7647157.846899	1627.741491	619.498025	6.658198
369645.148852	7647159.2903	1627.136244	624.340103	6.089031
369650.148852	7647159.2903	1626.691613	629.340103	5.134809
369655.145097	7647159.154735	1626.237843	634.338187	6.130725
369660.138754	7647158.904406	1625.617743	639.338114	8.431876
369664.931067	7647157.850056	1624.769338	644.245041	11.085399
369669.435972	7647155.686559	1623.677254	649.242528	14.010287
369673.732017	7647153.167625	1622.279828	654.222592	14.610741
369677.75776	7647150.202565	1621.075771	659.22241	11.996521
369682.35912	7647148.577884	1620.180549	664.102175	9.651079
369687.238617	7647149.2903	1619.407418	669.033405	8.71492
369692.238617	7647149.2903	1618.658256	674.033405	8.758832
369696.936036	7647150.919841	1617.871047	679.005442	8.592346
369701.414156	7647153.108311	1617.153911	683.989712	8.517595
369705.778978	7647155.515045	1616.378137	688.974092	9.120568
369710.051427	7647158.103863	1615.551754	693.96967	9.655327
369714.327041	7647160.557578	1614.689599	698.899335	10.56662
369718.375773	7647163.487272	1613.699971	703.896867	12.861273
369722.890572	7647165.571326	1612.413296	708.869461	15.054686
369727.506051	7647167.493889	1611.017731	713.869351	14.814441
369732.099073	7647169.425972	1609.773132	718.852202	13.81862
369736.597722	7647171.554245	1608.568077	723.828886	13.250558
369740.730392	7647174.343447	1607.427238	728.814727	12.548465
369745.370972	7647176.204895	1606.345475	733.814724	12.603913
369749.892047	7647178.338766	1605.191469	738.814076	13.293794
369754.654682	7647179.596118	1604.000472	743.739889	13.652819
369759.590194	7647180.395815	1602.780578	748.739768	13.605082
369764.354335	7647181.841571	1601.585542	753.718448	13.549275
369768.572262	7647184.439889	1600.386988	758.672452	13.994306
369773.117389	7647186.516349	1599.105608	763.669438	13.284722
369777.389387	7647189.114075	1598.026731	768.669253	10.795573
369782.339421	7647189.2903	1597.207829	773.622422	9.546745
369787.339421	7647189.2903	1596.352843	778.622422	9.978917
369792.3382	7647189.183857	1595.448421	783.622335	10.05782
369797.336931	7647189.071245	1594.579235	788.622335	9.464549
369802.291554	7647188.4132	1593.781717	793.620465	8.869866
369807.249254	7647187.765436	1593.019029	798.620304	8.907912
369812.237058	7647187.541081	1592.215537	803.613151	9.482331
369817.236939	7647187.568033	1591.350025	808.613105	10.185762
369822.218128	7647187.267658	1590.420635	813.603342	11.532837
369827.177932	7647186.660627	1589.312237	818.600155	13.903109
369832.106302	7647185.831957	1587.94678	823.597707	15.846909
369836.970518	7647184.675215	1586.474499	828.597572	16.481272
369841.403799	7647182.451919	1585.000303	833.55711	17.093332
369845.483381	7647179.561778	1583.412035	838.556701	17.069517
369849.372595	7647176.420745	1581.930189	843.555909	15.615243
369853.586124	7647174.2903	1580.69526	848.277415	14.321221
369858.586124	7647174.2903	1579.44845	853.277415	14.326619
369863.582325	7647174.372296	1578.14222	858.274288	14.50147
369868.559241	7647174.850874	1576.862921	863.274161	13.423981
369873.514317	7647175.505485	1575.75601	868.272291	11.260206
369878.333369	7647176.82952	1574.87285	873.269924	10.304795
369883.060343	7647178.44619	1573.939089	878.265712	11.533378
369887.811576	7647180.00128	1572.833333	883.264964	13.982489
369892.353969	7647182.070411	1571.451445	888.256421	16.90455
369896.910116	7647184.128259	1569.797131	893.255742	18.188785
369901.874559	7647184.2903	1568.176922	898.222829	16.836338
369906.874559	7647184.2903	1566.781085	903.222829	13.906868
369911.874559	7647184.2903	1565.700976	908.222829	11.24499
369916.874559	7647184.2903	1564.792931	913.222829	10.601172
369921.874559	7647184.2903	1563.829371	918.222829	11.549428
369926.872101	7647184.433544	1562.749567	923.222424	11.73986
369931.867627	7647184.644308	1561.751368	928.222393	11.459718
369936.108494	7647187.08821	1560.743788	933.117044	11.666432
369940.455483	7647189.2903	1559.734626	937.989982	12.980327
369945.455483	7647189.2903	1558.468081	942.989982	16.333015
369950.455483	7647189.2903	1556.804257	947.989982	19.771717
369955.455483	7647189.2903	1554.873549	952.989982	20.894679
369960.455483	7647189.2903	1552.986816	957.989982	19.464862
369965.455483	7647189.2903	1551.339376	962.989982	16.78779
369970.455483	7647189.2903	1549.970057	967.989982	14.197546
369975.455483	7647189.2903	1548.809521	972.989982	12.552236
369980.455483	7647189.2903	1547.743611	977.989982	11.48461
369985.433484	7647188.942762	1546.779864	982.980099	9.809621
369990.357541	7647188.097839	1546.017031	987.976121	7.130078
369995.296251	7647187.339353	1545.529926	992.972736	5.718838
370000.284142	7647187.000288	1545.016006	997.972138	7.352211
370005.254821	7647187.499082	1544.240311	1002.96778	11.370941
370010.188917	7647188.304536	1543.005986	1007.967186	15.688201
370015.144407	7647188.965219	1541.432099	1012.966525	18.745757
370020.060921	7647189.811064	1539.616422	1017.955268	20.366941
370024.974855	7647190.649819	1537.729564	1022.940271	19.615886
370029.972035	7647190.815939	1536.057937	1027.940212	16.786251
370034.893781	7647190.12288	1534.722075	1032.910515	15.156493
370039.723671	7647188.835032	1533.357646	1037.909154	16.630999
370044.457743	7647187.270137	1531.739731	1042.895167	18.516555
370048.59622	7647184.488506	1530.017815	1047.881595	18.055965
370052.502347	7647181.36727	1528.48426	1052.881589	15.303631
370056.645055	7647178.700352	1527.301528	1057.808504	13.179395
370061.39014	7647177.125592	1526.159861	1062.808074	12.777705
370066.225921	7647175.862122	1525.03427	1067.806187	13.712525
370070.946823	7647174.2903	1523.726274	1072.781881	17.435315
370075.946823	7647174.2903	1521.901421	1077.781881	21.222313
370080.876801	7647173.619574	1519.852728	1082.757277	23.064526
370085.752244	7647172.512066	1517.654141	1087.756928	21.49982
370090.474155	7647170.88987	1515.916764	1092.74972	17.436066
370095.205483	7647169.285628	1514.517066	1097.745623	14.726216
370100.167401	7647168.669812	1513.289584	1102.74561	13.848562
370105.1422	7647168.175774	1512.0521	1107.74488	14.834509
370110.125781	7647167.771252	1510.641308	1112.744851	17.14344
370115.054603	7647166.978686	1508.969928	1117.73699	19.33617
370119.432888	7647164.581293	1507.138059	1122.72867	21.141954
370123.280696	7647161.394316	1505.107628	1127.724914	22.10411
370127.169744	7647158.300735	1503.09073	1132.694314	20.534605
370131.288444	7647155.468926	1501.374122	1137.692597	18.160967
370135.864858	7647153.739184	1499.846406	1142.584996	18.304964
370140.796368	7647152.937544	1498.102919	1147.581237	20.07386
370145.765514	7647152.383059	1496.193594	1152.581223	21.277236
370150.756483	7647152.098632	1494.209154	1157.58029	20.946589
370155.755597	7647152.03798	1492.366325	1162.579772	20.383184
370160.748674	7647152.284853	1490.494145	1167.578949	21.289591
370165.729118	7647152.72656	1488.47003	1172.578941	21.69781
370170.694317	7647153.307552	1486.515605	1177.578016	20.424449
370175.669073	7647153.809235	1484.746674	1182.578005	18.937887
370180.623124	7647154.2903	1483.092334	1187.555358	18.353294
370185.623124	7647154.2903	1481.436786	1192.555358	18.5595
370190.623124	7647154.2903	1479.734935	1197.555358	18.749278
370195.623124	7647154.2903	1478.042491	1202.555358	18.975475
370200.530721	7647155.019535	1476.3098	1207.516838	19.500211
370205.354176	7647156.334914	1474.515161	1212.516432	18.873281
370209.867483	7647158.447671	1472.897186	1217.499773	16.809777
370214.18827	7647160.77917	1471.526529	1222.409467	14.653693
370217.73044	7647164.305387	1470.306557	1227.407584	14.66777
370222.168066	7647166.599656	1468.91081	1232.403201	16.247995
370226.161892	7647169.441092	1467.422285	1237.304671	15.843143
370230.340887	7647171.931787	1466.139339	1242.169602	14.079774
370234.078753	7647175.22204	1464.953255	1247.149302	13.266171
370238.174842	7647178.088697	1463.786633	1252.148869	13.127846
370242.606422	7647180.301209	1462.632146	1257.102061	13.713527
370247.181773	7647182.316821	1461.357976	1262.101714	14.956446
370251.897357	7647183.964621	1459.962259	1267.096909	15.507506
370256.778664	7647185.018254	1458.586479	1272.090635	14.676413
370261.758481	7647185.358961	1457.347168	1277.082093	13.678471
370266.757414	7647185.462024	1456.154877	1282.082089	13.589883
370271.72237	7647185.93679	1454.932855	1287.069692	14.129671
370276.646792	7647186.785943	1453.641473	1292.066791	15.104964
370281.506174	7647187.963243	1452.234594	1297.066754	16.038543
370286.298055	7647189.383445	1450.767438	1302.064663	16.38711
370291.032222	7647190.991839	1449.294607	1307.06459	16.55339
370295.810746	7647192.458724	1447.795694	1312.063195	17.466157
370300.399406	7647194.394478	1446.154862	1317.04345	18.252719
370305.301588	7647195.371581	1444.504736	1322.042061	17.381325
370310.021884	7647196.986897	1443.028597	1327.031093	15.017556
370314.033929	7647199.920163	1441.833042	1332.001059	13.233134
370317.636411	7647203.387456	1440.684151	1337.001059	14.505243
370321.46097	7647206.603607	1439.246724	1341.998145	17.641872
370325.434976	7647209.626736	1437.507108	1346.991344	20.445184
370329.356535	7647212.728407	1435.52147	1351.991243	22.157303
370333.119614	7647216.009186	1433.438134	1356.983665	23.310939
370336.700314	7647219.496877	1431.216563	1361.982205	23.520936
370340.478897	7647222.769947	1429.08685	1366.981272	21.996757
370344.806306	7647225.000095	1427.230681	1371.84954	21.065354
370349.560883	7647226.533135	1425.287667	1376.845159	21.077785
370354.280943	7647228.182135	1423.378339	1381.844976	20.585001
370359.096757	7647229.2903	1421.553998	1386.786645	20.30182
370364.096757	7647229.2903	1419.700563	1391.786645	20.135459
370369.096757	7647229.2903	1417.887616	1396.786645	18.147132
370374.096757	7647229.2903	1416.423056	1401.786645	14.270164
370379.064148	7647228.990184	1415.350261	1406.763094	11.750012
370383.963991	7647228.006905	1414.348526	1411.760623	13.632661
370388.876239	7647227.098599	1412.926732	1416.756141	19.422421
370393.799703	7647226.228154	1410.824328	1421.755958	23.681365
370398.755905	7647225.57506	1408.541561	1426.755005	22.980072
370403.699643	7647224.8319	1406.584532	1431.754289	19.075427
370408.653402	7647224.2903	1405.089693	1436.737566	16.63621
370413.618971	7647224.036313	1403.609957	1441.709627	18.402441
370418.448521	7647222.74564	1401.772383	1446.708666	23.80611
370423.245561	7647221.366867	1399.202587	1451.699919	28.2079
370427.941403	7647219.655074	1396.414544	1456.698035	28.843302
370432.826956	7647218.666769	1393.704954	1461.682549	28.355284
370437.770732	7647217.92189	1391.02642	1466.682126	26.983833
370442.741416	7647217.411768	1388.615278	1471.678917	23.477254
370447.71602	7647216.908763	1386.684566	1476.678886	19.024747
370452.626335	7647216.042365	1385.17206	1481.665052	15.533811
370457.322826	7647214.335436	1383.909713	1486.662113	14.980456
370462.31437	7647214.2903	1382.4993	1491.653862	15.846359
370467.302575	7647213.960554	1381.073946	1496.652953	16.202498
370472.291236	7647213.626095	1379.593954	1501.652814	16.852381
370477.280783	7647213.866614	1378.046338	1506.648154	18.509853
370482.271764	7647214.166302	1376.247764	1511.648125	20.997901
370487.247511	7647214.613105	1374.209877	1516.643893	22.792944
370492.234062	7647214.962692	1372.048025	1521.642683	23.698016
370497.160421	7647214.2903	1369.833548	1526.614717	24.39777
370502.160421	7647214.2903	1367.525129	1531.614717	23.706759
370507.095103	7647213.529701	1365.445687	1536.607671	22.257113
370512.000208	7647212.581044	1363.437226	1541.60367	21.760322
370516.728353	7647210.978039	1361.458727	1546.596163	20.80355
370521.369397	7647209.261971	1359.660547	1551.544312	20.44895
370526.366969	7647209.106319	1357.749487	1556.544307	22.049315
370531.359972	7647208.848235	1355.610538	1561.543975	23.984133
370536.351893	7647208.564151	1353.300814	1566.543974	24.702212
370541.32352	7647208.96098	1351.016517	1571.531413	24.426852
370546.30019	7647209.2903	1348.77047	1576.518966	23.681724
370551.30019	7647209.2903	1346.636231	1581.518966	21.711387
370556.298478	7647209.179278	1344.789005	1586.518487	18.510165
370561.295789	7647209.015445	1343.288573	1591.518484	15.839425
370566.25763	7647209.401259	1341.958522	1596.495302	15.579774
370571.252701	7647209.623076	1340.506879	1601.495295	17.232312
370576.14733	7647210.563518	1338.861838	1606.479453	18.44517
370580.995164	7647211.787591	1337.176958	1611.479437	18.303116
370585.802319	7647213.159178	1335.554491	1616.478437	17.090874
370590.723259	7647213.742199	1334.11643	1621.433794	15.137439
370595.722809	7647213.675228	1332.861433	1626.433792	14.017837
370600.521449	7647212.473892	1331.633218	1631.380524	14.565896
370605.2738	7647210.966218	1330.280601	1636.366296	16.083376
370610.206069	7647210.147941	1328.754292	1641.365981	17.77866
370615.138042	7647210.313669	1327.095182	1646.300738	19.515594
370620.033285	7647211.330054	1325.233405	1651.300382	22.299686
370624.926023	7647212.359292	1322.994301	1656.300203	24.336138
370629.875752	7647213.03198	1320.713025	1661.295434	23.827912
370634.851887	7647213.519758	1318.580214	1666.295419	22.934381
370639.798268	7647214.218685	1316.48383	1671.290935	22.857891
370644.791667	7647214.2903	1314.369302	1676.284848	22.46337
370649.773177	7647214.567847	1312.356285	1681.274083	21.259382
370654.727843	7647215.23955	1310.482947	1686.274073	20.427502
370659.602664	7647216.310139	1308.63533	1691.265069	21.932538
370664.166643	7647218.345221	1306.461281	1696.262215	24.401035
370668.961567	7647219.2903	1304.151538	1701.149389	24.893058
370673.93523	7647219.546796	1301.882571	1706.129662	24.892144
370678.834663	7647220.543954	1299.520726	1711.129538	25.520439
370683.742991	7647221.496698	1297.108685	1716.129479	25.76689
370688.676474	7647222.299029	1294.694678	1721.127777	24.901772
370693.630845	7647222.970119	1292.467587	1726.127393	22.762677
370698.582545	7647223.659368	1290.499262	1731.126833	20.507918
370703.542094	7647224.293427	1288.727527	1736.126748	20.050969
370708.527691	7647224.636162	1286.850592	1741.124112	21.215191
370713.527688	7647224.631122	1284.846881	1746.124112	21.931997
370718.52479	7647224.559198	1282.825219	1751.121731	21.35858
370723.51085	7647224.281212	1280.939742	1756.115534	20.585501
370728.503864	7647224.15811	1279.073856	1761.110066	20.562139
370733.460468	7647223.501254	1277.190724	1766.110004	19.912759
370738.419923	7647222.875841	1275.451985	1771.108737	18.293324
370743.411565	7647222.604699	1273.885686	1776.107738	17.456455
370748.409021	7647222.526676	1272.308372	1781.105803	17.605828
370753.391954	7647222.905882	1270.713937	1786.103144	17.851297
370758.340824	7647223.56108	1269.091361	1791.095198	18.595028
370763.184014	7647224.798269	1267.352745	1796.09391	19.743435
370767.99744	7647226.151296	1265.502874	1801.093886	20.542309
370772.810879	7647227.503719	1263.605675	1806.09371	20.316893
370777.643463	7647228.782562	1261.800989	1811.09264	18.694285
370782.487062	7647230.007557	1260.22376	1816.088746	16.792722
370786.938111	7647232.259806	1258.787958	1821.077178	16.756413
370791.346868	7647234.61756	1257.216574	1826.076792	17.806526
370795.923873	7647236.617585	1255.577913	1831.071698	19.926482
370800.643535	7647238.265325	1253.593712	1836.070723	22.193631
370805.53557	7647239.177249	1251.508483	1841.047028	22.095756
370810.529829	7647239.2903	1249.545559	1846.042567	20.225505
370815.529829	7647239.2903	1247.825906	1851.042567	17.923897
370820.529829	7647239.2903	1246.311143	1856.042567	16.662875
370825.529829	7647239.2903	1244.832917	1861.042567	16.695664
370830.435989	7647238.567521	1243.32418	1866.001681	16.941921
370835.258776	7647237.248786	1241.799292	1871.001515	16.609519
370840.020905	7647235.730687	1240.341906	1875.999764	17.51053
370844.755197	7647234.13543	1238.646249	1880.995598	21.031867
370849.555658	7647232.737025	1236.49861	1885.995595	23.24219
370854.293983	7647231.148873	1234.352786	1890.992989	21.964885
370858.980434	7647229.40859	1232.467005	1895.992129	19.700686
370863.949079	7647228.951039	1230.776255	1900.981797	18.590775
370868.938608	7647228.635106	1229.107168	1905.981319	18.595323
370873.929198	7647228.32868	1227.412063	1910.981308	19.2009
370878.917766	7647227.995236	1225.624843	1915.981007	21.570216
370883.910864	7647227.732978	1223.459049	1920.980988	24.788444
370888.897447	7647227.378896	1221.007203	1925.980126	26.775805
370893.84248	7647226.651205	1218.414457	1930.978414	26.673821
370898.809642	7647226.089193	1215.985057	1935.97727	24.623608
370903.785466	7647226.03613	1213.842743	1940.953377	23.067757
370908.711592	7647226.874241	1211.737975	1945.950291	23.962703
370913.670502	7647227.504145	1209.400325	1950.949047	25.157954
370918.651262	7647227.895432	1207.043863	1955.945154	23.957578
370923.646137	7647228.121705	1204.958786	1960.945151	21.936968
370928.635425	7647228.432364	1203.016947	1965.944101	22.157243
370933.622275	7647228.79462	1200.887129	1970.944091	23.930218
370938.610427	7647229.138075	1198.579415	1975.944054	24.848918
370943.570372	7647229.742622	1196.257839	1980.940705	24.611005
370948.517648	7647230.461749	1194.000756	1985.939974	24.052195
370953.5143	7647230.508782	1191.796502	1990.936847	24.022661
370958.509293	7647230.363151	1189.546556	1995.933963	24.268072
370963.471434	7647229.752653	1187.289688	2000.933518	23.547914
370968.439352	7647229.2903	1185.193449	2005.922904	21.76657
370973.439352	7647229.2903	1183.301107	2010.922904	20.149043
370978.439352	7647229.2903	1181.524377	2015.922904	19.613326
370983.437727	7647229.339317	1179.738254	2020.921519	20.235916
370988.427004	7647229.666446	1177.838607	2025.92151	21.625073
370993.406259	7647230.081138	1175.775433	2030.918004	22.896316
370998.276752	7647231.210165	1173.616971	2035.917644	23.816608
371003.15501	7647232.306085	1171.361819	2040.917488	25.46342
371008.064533	7647233.251953	1168.855377	2045.917296	27.770648
371012.991301	7647234.10399	1166.096297	2050.917198	28.314875
371017.944276	7647234.769055	1163.46921	2055.914623	25.504641
371022.862317	7647235.669106	1161.327069	2060.914346	20.676946
371027.707088	7647236.901636	1159.695691	2065.91344	17.061422
371032.499169	7647238.328313	1158.258427	2070.913385	16.61243
371037.343345	7647239.547224	1156.713748	2075.908561	18.625453
371042.143097	7647240.945048	1154.890127	2080.907713	21.533395
371046.929044	7647242.392144	1152.768396	2085.907651	23.126947
371051.663362	7647243.999216	1150.619525	2090.907296	22.916813
371056.247434	7647245.987255	1148.542498	2095.903896	24.073195
371060.85255	7647247.933345	1146.153842	2100.903332	26.040426
371065.610492	7647249.2903	1143.68245	2105.850992	24.40177
371070.610492	7647249.2903	1141.641163	2110.850992	21.653631
371075.610422	7647249.310495	1139.712479	2115.850963	21.232664
371080.610306	7647249.34452	1137.755996	2120.850963	21.320752
371085.606161	7647249.2903	1135.811098	2125.847112	20.611329
371090.606161	7647249.2903	1133.996555	2130.847112	19.5873
371095.601786	7647249.130884	1132.253521	2135.84528	19.381924
371100.594213	7647248.855798	1130.479302	2140.84528	19.823604
371105.530032	7647248.139786	1128.653273	2145.832762	20.277602
371110.422294	7647247.108446	1126.789454	2150.832551	20.4485
371115.335468	7647246.18073	1124.924868	2155.832544	20.262649
371120.307205	7647245.698428	1123.09969	2160.82762	19.423649
371125.304314	7647245.528745	1121.400525	2165.827609	17.905386
371130.293163	7647245.722064	1119.871238	2170.820203	16.498926
371135.261633	7647246.282295	1118.440893	2175.820158	16.562728
371140.196678	7647247.077067	1116.897703	2180.818791	19.812593
371145.105372	7647248.022697	1114.839175	2185.81774	24.091485
371150.021733	7647248.933407	1112.426889	2190.81774	25.772573
371154.93194	7647249.870976	1110.011577	2195.816657	24.931686
371159.812568	7647250.95535	1107.779147	2200.816296	22.862662
371164.548162	7647252.538963	1105.798178	2205.80966	21.318013
371169.159219	7647254.459938	1103.881278	2210.804857	20.208402
371173.926993	7647255.963245	1102.119424	2215.804017	19.515326
371178.81851	7647256.962209	1100.340158	2220.796498	21.056689
371183.799253	7647257.337741	1098.274418	2225.791378	24.475811
371188.796151	7647257.51363	1095.790479	2230.791371	27.598722
371193.792188	7647257.71015	1093.047065	2235.791272	29.020867
371198.789095	7647257.885257	1090.242891	2240.791246	29.094471
371203.787472	7647257.990299	1087.4829	2245.790726	28.441114
371208.785649	7647257.859647	1084.827167	2250.79061	27.189529
371213.784403	7647257.754889	1082.34622	2255.790462	25.436517
371218.780481	7647257.936019	1080.071541	2260.789822	24.504572
371223.762941	7647258.306714	1077.790156	2265.786054	24.99777
371228.651432	7647259.3271	1075.413719	2270.779903	25.185207
371233.639167	7647259.675241	1073.090778	2275.779772	24.143797
371238.625353	7647260.046601	1070.931536	2280.779769	22.94126
371243.608749	7647260.452722	1068.8583	2285.779686	22.430831
371248.574177	7647261.038622	1066.803758	2290.779561	22.033148
371253.535979	7647261.654997	1064.811513	2295.779501	22.182719
371258.509136	7647262.169755	1062.726621	2300.779227	24.262951
371263.502589	7647262.401958	1060.304915	2305.778077	26.348748
371268.500485	7647262.426864	1057.775472	2310.776035	25.866804
371273.499873	7647262.352928	1055.45752	2315.775969	24.147837
371278.484031	7647262.620713	1053.29629	2320.767315	22.973935
371283.364511	7647263.681618	1051.224297	2325.761773	21.624706
371288.252707	7647264.541627	1049.348906	2330.725046	20.170529
371292.996604	7647266.121032	1047.564495	2335.724954	19.709108
371297.722925	7647267.74534	1045.767585	2340.722602	20.566261
371302.412708	7647269.478991	1043.813479	2345.722563	21.626279
371306.864659	7647271.750429	1041.803963	2350.720492	21.800596
371311.357585	7647273.941193	1039.815169	2355.719075	21.147887
371315.880182	7647276.072758	1037.936451	2360.71882	19.411532
371320.37352	7647278.264472	1036.291775	2365.71819	18.023034
371324.527739	7647280.993001	1034.692828	2370.688342	18.290156
371328.309346	7647284.26323	1032.996634	2375.687837	20.042847
371332.035345	7647287.597354	1031.044975	2380.687782	21.721128
371336.136651	7647290.402945	1029.025335	2385.656891	21.726898
371340.613278	7647292.627184	1027.072993	2390.655635	20.462072
371345.235148	7647294.2903	1025.327459	2395.567624	17.265812
371350.235148	7647294.2903	1023.992335	2400.567624	13.49155
371355.235148	7647294.2903	1022.928305	2405.567624	11.600653
371360.19613	7647294.733423	1021.943529	2410.548356	12.234162
371365.140085	7647295.465637	1020.764689	2415.546238	15.645662
371370.109246	7647296.008676	1019.143917	2420.544984	19.139901
371375.100224	7647296.307952	1017.294644	2425.544926	19.272698
371380.08148	7647296.73848	1015.647508	2430.544753	17.635367
371385.063054	7647297.155569	1014.116133	2435.543757	18.90006
371390.063005	7647297.177596	1012.22418	2440.543757	21.450967
371395.061656	7647297.262018	1010.187288	2445.543121	21.127914
371400.04506	7647297.668578	1008.360289	2450.543081	19.491354
371404.983624	7647298.421773	1006.64946	2455.538751	18.872339
371409.891591	7647299.2903	1004.948898	2460.522974	18.685504
371414.891591	7647299.2903	1003.27291	2465.522974	18.212435
371419.626103	7647298.244588	1001.70857	2470.371595	16.751778
371423.941798	7647295.730323	1000.310174	2475.366266	15.666266
371428.244049	7647293.262144	998.916857	2480.326233	16.800546
371432.738187	7647291.086364	997.305149	2485.319359	18.938434
371437.210138	7647288.863793	995.490187	2490.313171	21.000346
371441.468922	7647286.274723	993.47507	2495.297198	22.004078
371445.756137	7647283.800525	991.475914	2500.247134	22.049958
371450.449752	7647282.083512	989.445956	2505.244949	18.433968
371454.957232	7647279.935794	988.145937	2510.237951	15.227238
371459.793735	7647279.2903	986.75873	2515.117339	17.048032
371464.793735	7647279.2903	985.116541	2520.117339	19.003809
371469.793735	7647279.2903	983.314819	2525.117339	19.864064
371474.793735	7647279.2903	981.503799	2530.117339	19.545183
371479.793735	7647279.2903	979.76487	2535.117339	18.368069
371484.793735	7647279.2903	978.183536	2540.117339	16.721437
371489.793735	7647279.2903	976.760741	2545.117339	15.8137
371494.793735	7647279.2903	975.351326	2550.117339	16.165993
371499.790152	7647279.167839	973.862602	2555.115257	17.115413
371504.782142	7647278.885164	972.272721	2560.115243	18.506493
371509.723043	7647278.241593	970.52131	2565.097882	20.304689
371514.563775	7647276.989674	968.579222	2570.097881	20.516075
371519.412265	7647275.768779	966.779444	2575.097725	19.363919
371524.174873	7647274.272603	965.067689	2580.089816	19.617259
371528.883415	7647272.591154	963.218226	2585.08958	21.225916
371533.51343	7647270.715657	961.185724	2590.085031	22.679713
371538.110239	7647268.784401	959.047175	2595.071052	22.544325
371542.284955	7647266.035763	957.041155	2600.069378	21.058862
371546.493108	7647263.343423	955.199159	2605.065101	20.089452
371550.864324	7647260.9168	953.385589	2610.064703	20.778309
371555.114839	7647258.288735	951.406121	2615.062063	20.681927
371559.169201	7647255.372193	949.613739	2620.056466	18.086544
371563.219639	7647252.448957	948.143737	2625.0516	15.548622
371567.467797	7647249.823214	946.834425	2630.045734	14.666971
371572.011841	7647247.755598	945.530069	2635.038065	14.540047
371576.456473	7647245.466856	944.243039	2640.037374	14.321398
371580.804381	7647243.024032	942.980658	2645.024527	15.227426
371585.023604	7647240.34534	941.525159	2650.02225	17.333531
371589.112009	7647237.485969	939.863796	2655.011344	18.517165
371592.909432	7647234.235696	938.180146	2660.009813	17.80178
371596.596859	7647230.858881	936.653397	2665.009813	18.346202
371600.946779	7647228.668805	934.907182	2669.87995	21.446551
371605.795862	7647227.449628	932.776205	2674.87995	22.355652
371610.489013	7647225.730658	930.795467	2679.878002	21.191366
371615.195008	7647224.070948	928.903916	2684.868095	22.237832
371620.041874	7647222.843368	926.71106	2689.868001	23.205594
371624.852292	7647221.486884	924.617786	2694.866018	23.95909
371629.708069	7647220.299069	922.268823	2699.864965	25.096674
371634.614156	7647219.334561	919.934804	2704.864962	24.953464
371639.60988	7647219.2903	917.617687	2709.860882	25.173228
371644.606656	7647219.401243	915.237879	2714.858889	25.646369
371649.597325	7647219.706007	912.817671	2719.858855	25.345249
371654.570865	7647220.170175	910.503707	2724.854008	23.925771
371659.484359	7647221.091097	908.383617	2729.85306	21.234005
371664.149796	7647222.833525	906.626322	2734.833257	18.536711
371668.735347	7647224.707804	905.052773	2739.787063	17.158112
371673.3289	7647226.667313	903.555014	2744.7811	14.821319
371677.509937	7647229.2903	902.425351	2749.7168	11.221904
371682.509937	7647229.2903	901.583804	2754.7168	12.345178
371686.100964	7647232.691864	900.248551	2759.663122	15.376944
371690.43887	7647234.2903	898.952189	2764.286154	15.165291
371695.43887	7647234.2903	897.640371	2769.286154	15.191974
371700.43887	7647234.2903	896.236837	2774.286154	16.111566
371705.43887	7647234.2903	894.751922	2779.286154	16.378077
371710.431612	7647234.091028	893.298891	2784.282872	15.32638
371715.417003	7647233.709431	892.012274	2789.282846	14.05023
371720.33757	7647232.876958	890.79876	2794.273336	14.813101
371725.258512	7647231.999396	889.370686	2799.271914	18.685258
371730.193469	7647231.195565	887.417404	2804.271909	21.24054
371735.024328	7647229.949868	885.488248	2809.260792	19.433627
371739.685822	7647228.153549	883.894827	2814.25642	15.627298
371744.211211	7647226.030959	882.692804	2819.254873	12.503026
371748.749774	7647223.984837	881.682511	2824.233343	12.478969
371753.555639	7647222.605123	880.484541	2829.233338	15.550307
371758.19361	7647220.78155	878.904461	2834.21693	19.186395
371762.817837	7647218.883169	877.011096	2839.215663	21.464733
371767.579712	7647217.368865	874.974327	2844.212519	21.059411
371772.42437	7647216.178252	873.166195	2849.201334	19.621616
371777.377858	7647215.545346	871.415562	2854.195091	19.764133
371782.37429	7647215.651753	869.576277	2859.192655	19.589379
371787.369727	7647215.843814	867.858102	2864.191784	18.158437
371792.363948	7647215.666357	866.297731	2869.189156	17.541808
371797.356403	7647215.459821	864.699054	2874.185882	18.380387
371802.327541	7647215.955623	862.977564	2879.181683	20.551073
371807.308904	7647216.350794	860.952859	2884.178696	23.871515
371812.301107	7647216.243584	858.55653	2889.17205	24.634864
371817.259321	7647215.642607	856.372861	2894.166553	20.324434
371822.016779	7647214.2903	854.874754	2899.112475	15.296751
371827.016779	7647214.2903	853.652655	2904.112475	13.946178
371832.016779	7647214.2903	852.391525	2909.112475	16.524052
371837.016779	7647214.2903	850.686045	2914.112475	21.485176
371842.016779	7647214.2903	848.455537	2919.112475	24.713129
371847.016779	7647214.2903	846.083937	2924.112475	25.006946
371852.013794	7647214.129773	843.791331	2929.112067	24.277209
371857.010228	7647213.940975	841.573886	2934.112067	23.614939
371862.001872	7647214.182332	839.420581	2939.109543	23.429429
371866.998392	7647214.2903	837.242639	2944.10723	22.832264
371871.998392	7647214.2903	835.211453	2949.10723	20.270572
371876.950828	7647213.652576	833.551948	2954.100557	17.399658
371881.874973	7647212.810593	832.081273	2959.096168	16.989083
371886.515606	7647211.075773	830.512123	2964.050467	19.047831
371890.97084	7647208.885023	828.656723	2969.015192	21.400381
371895.767577	7647207.474275	826.607083	2974.015082	22.040008
371900.542526	7647205.992062	824.60863	2979.014791	22.030674
371905.198386	7647204.244678	822.571781	2983.987756	22.129675
371910.173848	7647203.75264	820.553252	2988.987488	20.547261
371915.153101	7647203.303834	818.823961	2993.986927	17.911565
371920.139199	7647202.931249	817.321394	2998.986926	16.274697
371925.135942	7647202.825905	815.905267	3003.98478	15.433544
371930.135766	7647202.867688	814.561314	3008.984779	14.519917
371935.131602	7647202.706798	813.31587	3013.983204	13.960477
371940.120859	7647202.379319	812.075829	3018.983198	14.523041
371945.080531	7647201.756229	810.725833	3023.981856	16.139175
371949.672833	7647199.814132	809.186576	3028.967934	18.840691
371953.63034	7647196.780672	807.323142	3033.95429	21.265542
371957.420326	7647193.520097	805.300282	3038.953824	21.347527
371961.173598	7647190.216968	803.415144	3043.953595	20.233517
371965.171986	7647187.226147	801.617062	3048.946803	18.886564
371969.262709	7647184.353892	799.996983	3053.945188	16.649602
371973.635544	7647181.936523	798.628116	3058.941723	14.786671
371978.087519	7647179.662805	797.358621	3063.94071	15.003562
371982.622525	7647177.562677	795.948933	3068.938392	16.451661
371987.221872	7647175.601651	794.406449	3073.938353	16.858444
371991.744963	7647173.47689	792.919548	3078.935649	15.651143
371996.123141	7647171.110765	791.612162	3083.912293	14.366216
372000.015424	7647167.976087	790.364942	3088.9099	14.198672
372003.752888	7647164.655786	789.082879	3093.909203	14.397217
372007.756662	7647161.66826	787.799296	3098.904753	14.257858
372012.221805	7647159.419042	786.543041	3103.904402	15.112454
372017.039298	7647158.115682	785.101449	3108.895091	16.550791
372022.012461	7647157.678124	783.576387	3113.887466	16.626373
372026.994433	7647157.31963	782.119214	3118.88232	16.356162
372031.747394	7647155.988709	780.661985	3123.818107	16.76969
372036.03215	7647153.421365	779.126747	3128.813143	17.017153
372040.278065	7647150.785558	777.603777	3133.81067	17.250835
372044.48389	7647148.088179	776.023463	3138.80715	18.543468
372048.804117	7647145.571795	774.250788	3143.806806	19.698523
372053.168389	7647143.132953	772.443658	3148.806288	19.070347
372057.795698	7647141.280173	770.799436	3153.790741	18.103775
372062.537813	7647139.695934	769.179693	3158.790489	18.072767
372067.18096	7647137.850278	767.537511	3163.787013	17.906987
372071.689714	7647135.706089	765.952039	3168.779648	17.61632
372076.057698	7647133.277567	764.365358	3173.777348	17.943565
372080.424502	7647130.842722	762.714658	3178.777093	18.784823
372084.704937	7647128.273995	760.966937	3183.769135	18.891736
372088.77039	7647125.363432	759.29536	3188.769063	17.967574
372093.114461	7647122.929171	757.730731	3193.74868	16.936349
372097.679058	7647120.889584	756.256637	3198.748226	15.887156
372102.386186	7647119.248021	754.889022	3203.733382	15.098081
372107.346971	7647118.63691	753.56334	3208.731667	14.727018
372111.465198	7647115.989694	752.288485	3213.627333	15.180642
372115.129045	7647112.598566	750.880497	3218.619679	15.697002
372118.666794	7647109.09951	749.487202	3223.595527	14.670358
372122.785148	7647106.264238	748.268988	3228.595487	13.081102
372127.012061	7647103.694853	747.176101	3233.542055	13.165431
372131.650397	7647101.833728	745.942959	3238.53985	14.061025
372136.091477	7647099.53925	744.672439	3243.538631	14.623905
372140.412037	7647097.034547	743.335643	3248.532706	15.307341
372144.58141	7647094.275659	741.937211	3253.53222	16.210915
372149.083908	7647092.102003	740.42862	3258.531946	17.645864
372153.432835	7647089.638674	738.756999	3263.530061	18.757087
372157.689918	7647087.01632	737.033463	3268.530011	18.642383
372161.757154	7647084.108185	735.383525	3273.529977	17.093171
372165.71235	7647081.051826	733.958937	3278.528467	15.057407
372170.094963	7647078.771014	732.709764	3283.469054	13.653913
372174.869363	7647077.287155	731.544305	3288.468727	12.214022
372179.677497	7647075.922004	730.545656	3293.466906	12.31082
372184.601937	7647075.391094	729.3727	3298.419882	14.412913
372189.544635	7647076.142521	727.987985	3303.419372	14.725953
372194.284864	7647077.675825	726.749341	3308.40142	13.833171
372198.978344	7647079.2903	725.539119	3313.364814	12.694366
372203.977839	7647079.254364	724.505175	3318.364438	10.755596
372208.97582	7647079.112299	723.639677	3323.364437	9.066469
372213.971936	7647078.925984	722.90955	3328.364027	8.82586
372218.963517	7647078.637683	722.087099	3333.363927	10.968523
372223.915107	7647078.080095	720.974843	3338.346812	14.293839
372228.016003	7647075.222534	719.544148	3343.345112	16.736414
372231.837906	7647071.998881	717.968409	3348.345	16.602357
372235.613805	7647068.728304	716.564066	3353.340407	13.084583
372239.801728	7647066.023499	715.648694	3358.325852	8.310627
372244.549706	7647064.464383	715.105877	3363.323266	7.549191
372249.525476	7647064.2903	714.326623	3368.30208	9.716133
372254.525476	7647064.2903	713.397327	3373.30208	10.99622
372259.525476	7647064.2903	712.383564	3378.30208	11.922759
372264.525476	7647064.2903	711.285911	3383.30208	13.056446
372269.522615	7647064.188112	710.064995	3388.300263	13.919306
372274.513963	7647063.89466	708.80812	3393.30023	13.521825
372279.497461	7647063.548332	707.661338	3398.295747	12.305867
372284.497262	7647063.503901	706.627739	3403.295746	12.120235
372289.496405	7647063.524124	705.51407	3408.294931	12.358111
372294.496161	7647063.475521	704.437007	3413.294922	10.729838
372299.488889	7647063.62539	703.620167	3418.289899	8.243694
372304.465372	7647064.107997	702.988995	3423.289729	7.653573
372309.400304	7647064.210474	702.285028	3428.225724	9.405905
372314.366983	7647063.634787	701.343111	3433.225656	11.086843
372319.186858	7647062.455434	700.332996	3438.187719	9.299934
372323.404176	7647059.791445	699.713745	3443.175966	6.803512
372328.20276	7647058.761725	699.152381	3448.08379	6.228564
372333.180178	7647058.353586	698.633087	3453.077912	6.295523
372338.058266	7647059.335741	698.052493	3458.053892	7.509287
372343.017647	7647059.971499	697.318123	3463.053857	8.947303
372347.949689	7647060.777391	696.478529	3468.051307	9.437786
372352.520913	7647062.715541	695.662128	3473.016437	9.068896
372357.134214	7647064.2903	694.907974	3477.891106	9.450595
372362.134214	7647064.2903	694.018476	3482.891106	11.011267
372367.134214	7647064.2903	692.962189	3487.891106	12.368942
372372.134214	7647064.2903	691.825582	3492.891106	13.251953
372377.129841	7647064.487195	690.60733	3497.890612	14.0624
372382.124476	7647064.718724	689.320932	3502.890611	14.106433
372387.074475	7647065.413521	688.094759	3507.889134	12.757787
372392.017232	7647066.16424	687.057264	3512.888577	11.227617
372396.991585	7647066.486299	686.11289	3517.873345	10.417972
372401.956227	7647066.058066	685.224645	3522.856421	9.04229
372406.643308	7647064.351562	684.526118	3527.844495	7.763801
372411.304872	7647062.54619	683.863061	3532.84345	8.411133
372415.862839	7647060.492555	683.047771	3537.842698	10.333233
372420.076156	7647057.856282	682.045402	3542.812806	12.448891
372424.061893	7647054.841879	680.847449	3547.810077	15.447504
372427.777309	7647051.508551	679.285201	3552.80161	18.485975
372431.988588	7647048.817093	677.507863	3557.799491	18.544721
372436.151898	7647046.05341	675.932353	3562.7966	16.944171
372440.613633	7647043.817087	674.464982	3567.787413	17.239244
372445.149141	7647041.723005	672.833642	3572.783012	17.865715
372449.976104	7647040.431615	671.244253	3577.779737	16.860328
372454.820326	7647039.223826	669.806326	3582.772255	15.137536
372459.774744	7647038.564832	668.541651	3587.770308	13.270905
372464.713088	7647037.782649	667.448341	3592.770214	11.553029
372469.671358	7647037.147468	666.497816	3597.769003	11.037572
372474.586149	7647036.231554	665.498143	3602.76841	11.349385
372479.433746	7647035.007419	664.49088	3607.76818	11.504295
372484.314579	7647033.973328	663.46515	3612.757356	12.106781
372489.285026	7647033.433569	662.348286	3617.757024	13.50106
372494.214715	7647033.74882	661.078784	3622.696783	14.448176
372499.12905	7647034.2903	659.801766	3627.640859	13.468539
372503.983737	7647034.918294	658.722383	3632.535996	11.397858
372508.516264	7647037.016409	657.808094	3637.530581	10.443452
372513.331664	7647038.351534	656.880794	3642.527645	11.162537
372518.222122	7647039.2903	655.83947	3647.507389	12.200378
372523.22036	7647039.247417	654.723435	3652.505811	13.001011
372528.202917	7647038.830609	653.531046	3657.505772	13.255206
372533.169052	7647038.269421	652.368401	3662.503514	12.257074
372537.950446	7647036.827906	651.360408	3667.49748	10.388821
372542.488202	7647034.732706	650.536583	3672.495589	8.575114
372547.009539	7647032.633177	649.85508	3677.480618	6.975507
372551.340952	7647030.137962	649.315101	3682.479341	6.486055
372555.853864	7647028.03761	648.7209	3687.457076	6.738121
372560.369036	7647025.897774	648.136696	3692.453643	6.152866
372564.997503	7647024.170741	647.649726	3697.39382	5.241422
372569.977539	7647023.726858	647.22487	3702.393599	5.180407
372574.925061	7647023.093032	646.744241	3707.381556	6.110063
372579.803019	7647021.999783	646.155834	3712.380522	6.910706
372584.760228	7647021.358996	645.532561	3717.378975	7.491526
372589.75021	7647021.428078	644.842311	3722.369435	9.896358
372594.740213	7647021.743411	643.789661	3727.369392	12.449151
372599.721728	7647022.166861	642.634864	3732.368872	11.973196
372604.707188	7647022.482815	641.670122	3737.364334	10.92844
372609.678104	7647021.950278	640.705078	3742.363694	12.21346
372614.625605	7647021.235709	639.506042	3747.362531	13.884014
372619.609573	7647021.092575	638.237107	3752.348554	14.680795
372624.570623	7647021.71425	636.889955	3757.348404	16.115112
372629.56616	7647021.836821	635.348886	3762.345444	17.404007
372634.516424	7647021.194027	633.758966	3767.337267	16.682768
372639.474745	7647020.848005	632.36344	3772.307648	13.562561
372644.277237	7647022.231156	631.3544	3777.30535	13.826009
372649.040914	7647023.746334	629.903318	3782.304189	17.474035
372653.920606	7647024.331908	628.23371	3787.21889	17.992924
372658.915359	7647024.359644	626.68497	3792.21372	15.598993
372663.906078	7647024.662445	625.443408	3797.213617	12.247537
372668.818792	7647025.419126	624.520668	3802.184263	10.70586
372673.554715	7647027.020965	623.558533	3807.183748	11.307593
372678.464481	7647027.913315	622.523216	3812.173947	11.466429
372683.425739	7647028.383511	621.535509	3817.157437	10.155748
372688.381369	7647027.736645	620.735333	3822.155107	8.133917
372693.188966	7647026.412876	620.108561	3827.141624	7.146414
372697.681326	7647024.365358	619.491171	3832.07859	7.64333
372702.158762	7647022.142171	618.775211	3837.077589	8.32732
372706.880491	7647020.538205	618.029592	3842.064315	8.30133
372711.736527	7647019.347591	617.318132	3847.064179	7.876711
372716.65287	7647019.259288	616.657643	3851.981315	8.705573
372721.644373	7647019.2903	615.800942	3856.972914	11.023024
372726.644373	7647019.2903	614.711365	3861.972914	13.60919
372731.640986	7647019.453749	613.380236	3866.9722	15.971591
372736.637264	7647019.646478	611.849571	3871.972194	17.4059
372741.63492	7647019.579746	610.245991	3876.970296	17.314187
372746.632209	7647019.415206	608.732892	3881.970293	15.834257
372751.563534	7647020.100541	607.415941	3886.949012	13.773598
372756.414464	7647021.292771	606.287988	3891.944303	11.851002
372761.018405	7647023.236339	605.319144	3896.941675	11.051986
372765.835412	7647024.417213	604.343222	3901.901315	11.451015
372770.82034	7647024.804983	603.301762	3906.901302	11.94115
372775.814228	7647024.831027	602.229735	3911.895258	12.368341
372780.810873	7647024.648723	601.11031	3916.895228	13.07218
372785.808292	7647024.638147	599.908455	3921.892658	13.399014
372790.806199	7647024.782258	598.728845	3926.892642	12.683766
372795.754862	7647025.427298	597.660039	3931.883167	11.822068
372800.700891	7647026.150563	596.638049	3936.881799	13.292335
372805.69724	7647026.150164	595.29881	3941.878147	16.347654
372810.68647	7647025.82217	593.705976	3946.878147	17.379153
372815.655148	7647025.270859	592.169353	3951.877317	15.960049
372820.602775	7647024.552961	590.846553	3956.876757	14.268634
372825.580952	7647024.206779	589.628927	3961.866955	14.099464
372830.5793	7647024.079111	588.337371	3966.866934	15.128692
372835.577119	7647024.036785	586.925978	3971.864932	15.499841
372840.576417	7647024.120348	585.564797	3976.864928	14.169296
372845.563644	7647024.2903	584.403862	3981.85505	11.573401
372850.563644	7647024.2903	583.519015	3986.85505	9.191007
372855.563644	7647024.2903	582.785875	3991.85505	8.530925
372860.563644	7647024.2903	582.019031	3996.85505	9.425279
372865.563644	7647024.2903	581.125902	4001.85505	10.812729
372870.563644	7647024.2903	580.109184	4006.85505	11.781777
372875.563644	7647024.2903	579.040176	4011.85505	11.742916
372880.563644	7647024.2903	578.030534	4016.85505	11.100429
372885.563619	7647024.30223	577.078238	4021.85504	10.896797
372890.563582	7647024.321478	576.105478	4026.85504	11.53285
372895.551379	7647024.594737	575.038769	4031.850316	13.019758
372900.534949	7647024.996613	573.794384	4036.850064	15.67481
372905.529424	7647025.203284	572.233148	4041.848813	18.657025
372910.528685	7647025.28922	570.418458	4046.848813	19.78365
372915.526386	7647025.192092	568.636752	4051.847457	18.24834
372920.520309	7647024.946629	567.121841	4056.847409	15.392211
372925.500053	7647024.51675	565.884332	4061.845673	12.756312
372930.368502	7647023.459774	564.862481	4066.82754	11.239988
372934.946523	7647021.480235	563.903139	4071.81521	11.334779
372939.235284	7647018.938063	562.863391	4076.8008	11.714076
372943.010846	7647015.660109	561.83273	4081.800786	10.104008
372947.362483	7647013.358194	561.095182	4086.723748	6.846714
372952.015232	7647011.642419	560.646237	4091.682775	4.875606
372956.959548	7647010.961023	560.246452	4096.673824	6.595139
372961.728122	7647009.519681	559.493249	4101.655466	9.726333
372966.325168	7647007.559739	558.53603	4106.652886	9.842344
372970.983515	7647005.755058	557.759582	4111.648591	8.183638
372975.877554	7647006.269779	557.10994	4116.569623	9.001034
372980.762656	7647007.310382	556.188947	4121.564328	12.011701
372985.708498	7647008.043565	554.983454	4126.564219	13.079162
372990.689485	7647008.068221	553.870207	4131.545266	11.859112
372995.664427	7647007.570144	552.887658	4136.545079	10.391089
373000.600634	7647006.783422	552.036834	4141.543587	10.943667
373005.578934	7647006.343874	550.954855	4146.541253	14.225059
373010.577034	7647006.206393	549.502463	4151.541243	17.394328
373015.531856	7647005.596836	547.824684	4156.53342	18.350158
373020.403374	7647004.472026	546.188368	4161.533108	17.356897
373025.257338	7647003.275248	544.699541	4166.532433	16.195878
373030.072702	7647001.930963	543.284316	4171.531916	14.840145
373034.859884	7647000.487904	542.050161	4176.531869	14.201913
373039.518606	7646998.71508	540.75755	4181.516505	14.880509
373043.874496	7646996.268536	539.398253	4186.512439	15.290785
373047.994971	7646993.43823	538.025086	4191.511333	15.702547
373052.212566	7646990.753498	536.587414	4196.510922	15.859845
373056.519673	7646988.24574	535.188844	4201.494899	14.142968
373060.878577	7646985.820565	534.074718	4206.483036	10.745639
373065.342653	7646983.608531	533.296783	4211.465112	8.221435
373070.018841	7646981.844177	532.632803	4216.463079	8.908698
373074.584949	7646979.80924	531.729787	4221.46211	9.494374
373079.277163	7646978.131766	530.963433	4226.445161	8.188983
373083.89835	7646976.240429	530.294181	4231.438409	8.314254
373088.100266	7646973.553466	529.504897	4236.425979	9.818084
373092.511923	7646971.202552	528.566015	4241.424931	9.929802
373096.857078	7646969.001634	527.777116	4246.295702	10.81221
373100.803393	7646966.186307	526.710042	4251.143327	14.091571
373104.689825	7646963.101054	525.314676	4256.105498	16.75139
373108.918982	7646960.449418	523.7141	4261.097186	16.576951
373112.88918	7646957.410343	522.340539	4266.097031	14.935722
373116.897575	7646954.421568	521.046753	4271.097031	13.381444
373120.407492	7646950.867132	519.962804	4276.092382	11.425896
373124.402423	7646947.972951	519.04021	4281.025511	10.189327
373128.85954	7646945.709859	518.177741	4286.024258	10.043793
373133.467816	7646943.788865	517.270638	4291.016895	10.638273
373138.31792	7646942.606189	516.302279	4296.009113	12.287189
373143.200702	7646941.550987	515.095369	4301.004611	14.491932
373147.881089	7646939.817632	513.721162	4305.995657	15.05982
373152.404869	7646937.689474	512.407347	4310.995022	12.510118
373156.563548	7646934.919712	511.503322	4315.99164	9.349898
373161.117395	7646932.941442	510.767212	4320.956625	7.463581
373165.667895	7646930.885339	510.198746	4325.950081	5.901637
373170.234296	7646929.2903	509.751084	4330.787039	5.685881
373175.234296	7646929.2903	509.219364	4335.787039	5.505638
373180.234296	7646929.2903	508.787229	4340.787039	4.969766
373185.074696	7646928.405052	508.356717	4345.707724	5.529931
373189.84151	7646926.930168	507.827764	4350.697494	7.90773
373194.666964	7646925.624413	506.969329	4355.696493	11.137792
373199.313958	7646923.953815	505.871421	4360.634657	13.290152
373202.761401	7646920.335823	504.622519	4365.632128	15.129908
373207.208567	7646918.059533	503.169495	4370.628005	15.396896
373211.92864	7646916.480106	501.876111	4375.605321	14.524742
373216.875866	7646915.794299	500.586084	4380.599856	16.159882
373221.851823	7646915.370595	498.981856	4385.59382	18.204451
373226.795276	7646914.622222	497.299552	4390.593599	17.694678
373231.497816	7646912.965449	495.796155	4395.579457	15.714729
373236.074644	7646910.959988	494.490837	4400.576379	13.050691
373240.564973	7646909.2903	493.527449	4405.367089	10.818909
373245.104356	7646907.732194	492.658212	4410.166432	10.298595
373249.480521	7646905.367717	491.751616	4415.140523	12.524801
373253.961552	7646903.177732	490.445312	4420.128074	13.654929
373258.297396	7646900.706618	489.327597	4425.11866	10.851204
373262.490499	7646897.999243	488.531997	4430.109852	9.599745
373266.654354	7646895.335346	487.647436	4435.052931	11.458111
373270.719406	7646892.477948	486.523001	4440.021772	13.760622
373275.063358	7646890.020935	485.208476	4445.012446	16.513072
373279.791161	7646888.505788	483.571719	4449.9771	19.853166
373284.547698	7646886.967658	481.61099	4454.976149	21.638031
373288.996827	7646884.719902	479.611337	4459.960841	20.110393
373293.448269	7646882.472637	477.960105	4464.947377	15.828548
373297.71856	7646879.877238	476.780954	4469.944524	11.91348
373302.46092	7646878.44327	475.8606	4474.89894	9.586007
373307.211892	7646876.888736	475.100039	4479.897772	7.059648
373311.882788	7646875.107344	474.622483	4484.896834	5.646886
373316.247684	7646872.762812	474.115868	4489.851544	5.692082
373320.453748	7646870.106727	473.63283	4494.826055	5.780259
373324.792124	7646867.677426	473.109008	4499.798279	7.186025
373329.104624	7646865.166019	472.376755	4504.788752	9.399197
373333.724667	7646863.437088	471.466388	4509.721702	10.731947
373338.273766	7646861.375279	470.495261	4514.716235	11.405517
373343.11067	7646860.115887	469.450566	4519.714406	12.73696
373348.025073	7646859.2903	468.239149	4524.697673	14.278954
373353.014616	7646859.372168	466.912336	4529.687886	14.742725
373357.855848	7646860.621403	465.610432	4534.687699	15.077067
373362.757572	7646861.607056	464.218599	4539.68754	15.981861
373367.651784	7646862.630119	462.746539	4544.687536	15.162547
373372.36888	7646864.279403	461.509545	4549.684649	12.83777
373377.294431	7646865.128625	460.468794	4554.682871	11.860698
373382.064616	7646866.620069	459.410254	4559.680778	11.486389
373386.785929	7646868.262985	458.437436	4564.679775	10.370967
373391.611732	7646869.2903	457.592477	4569.613713	9.533277
373396.611732	7646869.2903	456.769183	4574.613713	9.971905
373401.611732	7646869.2903	455.834315	4579.613713	10.488793
373406.611732	7646869.2903	454.917872	4584.613713	9.260534
373411.611732	7646869.2903	454.203873	4589.613713	7.542302
373416.597117	7646869.628153	453.594296	4594.610533	7.779536
373421.58652	7646869.947958	452.838206	4599.610175	9.956741
373426.514395	7646869.2903	451.843917	4604.58174	12.616427
373431.514395	7646869.2903	450.606363	4609.58174	15.154963
373436.514395	7646869.2903	449.1355	4614.58174	17.584516
373441.514395	7646869.2903	447.43725	4619.58174	19.060186
373446.514395	7646869.2903	445.680579	4624.58174	18.947007
373451.514395	7646869.2903	444.004426	4629.58174	17.649792
373456.163785	7646867.692734	442.525586	4634.497944	16.586657
373460.760221	7646865.728056	441.051266	4639.496661	15.287894
373465.355161	7646863.813567	439.798663	4644.474486	12.406782
373470.270467	7646862.980344	438.859533	4649.459914	10.805582
373475.240529	7646862.437875	437.89297	4654.459493	12.369829
373480.185834	7646861.707787	436.666809	4659.4584	12.796094
373485.171708	7646861.343782	435.622255	4664.457545	10.710135
373490.164458	7646861.078069	434.775711	4669.457359	10.328131
373494.696286	7646859.2903	433.823341	4674.329073	14.056078
373499.696286	7646859.2903	432.304227	4679.329073	16.756658
373504.696286	7646859.2903	430.81251	4684.329073	15.691273
373509.696286	7646859.2903	429.495085	4689.329073	14.593282
373514.695776	7646859.245185	428.209117	4694.328766	15.275301
373519.694669	7646859.140436	426.764198	4699.328756	17.307241
373524.641506	7646858.617916	425.101168	4704.303113	19.093404
373529.491175	7646857.402561	423.311789	4709.302751	18.665413
373534.274805	7646855.950433	421.723589	4714.30193	16.841177
373539.044391	7646854.450613	420.285158	4719.301771	16.039545
373544.020643	7646854.2903	418.854884	4724.280604	15.531769
373548.944098	7646853.84712	417.52765	4729.223966	14.197907
373553.665953	7646852.204275	416.339421	4734.223451	12.007439
373558.577266	7646851.40163	415.405906	4739.199919	10.854548
373563.5543	7646851.518215	414.430662	4744.178318	11.595677
373568.532435	7646851.961975	413.358918	4749.176193	10.333115
373573.506848	7646851.75413	412.611699	4754.154946	9.624954
373578.42335	7646850.922196	411.669026	4759.141338	12.660557
373583.224998	7646849.673826	410.377158	4764.102613	14.197991
373588.120872	7646848.906459	409.160106	4769.05826	12.594005
373593.059544	7646848.149239	408.153777	4774.054645	10.492193
373597.989865	7646847.350288	407.309843	4779.049281	9.692768
373602.847506	7646847.913359	406.465471	4783.939447	12.137225
373607.62513	7646849.322453	405.186985	4788.920535	15.99053
373612.612249	7646849.680732	403.605323	4793.920507	17.277924
373617.610875	7646849.683403	402.077092	4798.919134	16.050801
373622.610712	7646849.647437	400.728765	4803.9191	13.69631
373627.567577	7646850.275945	399.64096	4808.915652	12.278005
373632.532437	7646850.855578	398.553559	4813.914233	13.285653
373637.467949	7646850.427826	397.29097	4818.868246	15.406848
373642.397741	7646849.593646	395.810607	4823.868117	17.620981
373647.170849	7646848.107372	394.115161	4828.867274	19.410033
373651.932377	7646846.586208	392.287983	4833.865882	19.873698
373656.557579	7646844.689368	390.501364	4838.864933	18.899594
373661.213288	7646842.871193	388.865368	4843.86307	17.429889
373665.916214	7646841.177698	387.362965	4848.861614	16.050209
373670.677064	7646839.650022	385.988951	4853.861562	14.865038
373675.590619	7646838.873635	384.715564	4858.836077	14.081862
373680.576689	7646838.500741	383.486961	4863.836073	13.931015
373685.438286	7646837.538066	382.246061	4868.792065	14.531092
373690.142793	7646835.854952	380.907382	4873.78859	16.736627
373694.862102	7646834.210417	379.240798	4878.786227	19.951521
373699.539723	7646832.444189	377.278243	4883.786197	21.070573
373704.219695	7646830.68936	375.388865	4888.784353	20.013154
373708.888589	7646828.979205	373.646839	4893.756596	19.791007
373713.776892	7646827.933205	371.800893	4898.755558	21.185022
373718.633107	7646826.742918	369.771644	4903.755519	21.842024
373723.478987	7646825.511646	367.792871	4908.755377	21.361656
373728.318866	7646824.276938	365.862586	4913.750268	21.289746
373733.311026	7646823.997225	363.898216	4918.750258	21.936355
373738.303842	7646823.730584	361.835403	4923.750188	22.972574
373743.296154	7646823.453442	359.659286	4928.750187	23.419443
373748.286835	7646823.149552	357.504163	4933.750112	22.463034
373753.284692	7646823.037759	355.525242	4938.749219	20.785076
373758.283911	7646823.022509	353.709248	4943.748462	19.164665
373763.267072	7646822.659077	352.051414	4948.744858	17.082561
373768.158921	7646821.702683	350.642156	4953.729321	14.371397
373772.652506	7646819.669956	349.510662	4958.661287	13.223371
373777.371672	7646818.099453	348.314627	4963.634918	13.293031
373782.061248	7646816.370184	347.154762	4968.633167	12.868845
373786.666278	7646814.422772	346.030543	4973.633039	13.127103
373790.776437	7646811.593816	344.825221	4978.622668	13.904353
373794.776079	7646808.618875	343.561413	4983.607386	14.587112
373798.334728	7646805.117033	342.22878	4988.600068	15.848729
373802.288249	7646802.056155	340.724695	4993.599998	16.025965
373806.133363	7646798.889693	339.361958	4998.5811	15.045016
373810.296072	7646796.137651	338.044583	5003.57128	13.645652
373814.551462	7646793.619336	336.950146	5008.515999	13.551262
373819.005856	7646791.398707	335.653216	5013.493229	14.546041
373823.248138	7646788.78343	334.365629	5018.476865	15.041219
373827.09286	7646785.586852	332.970492	5023.476865	16.015686
373831.391626	7646783.117091	331.507434	5028.434597	15.687319
373835.762323	7646780.706046	330.176322	5033.426203	13.329349
373840.231171	7646778.532882	329.147476	5038.395433	11.392489
373844.643066	7646776.246963	328.173854	5043.364361	10.269946
373848.962898	7646773.900098	327.35646	5048.28053	8.045613
373853.921511	7646773.259047	326.772236	5053.280409	7.021432
373858.903848	7646772.903762	326.125486	5058.275398	7.625397
373863.889349	7646773.267856	325.434313	5063.274176	7.359054
373868.135964	7646774.726864	324.900006	5067.764436	5.636262
373871.671498	7646778.262398	324.497749	5072.764436	5.197509
373875.299084	7646781.702366	323.990466	5077.763713	5.269429
373879.21029	7646784.2903	323.604154	5082.453589	3.967066
373884.21029	7646784.2903	323.318501	5087.453589	3.195347
373889.21029	7646784.2903	323.045898	5092.453589	3.526452
373894.145437	7646784.728212	322.70506	5097.408126	4.222418
373898.943891	7646786.131126	322.311037	5102.407459	5.085258
373903.587887	7646787.940292	321.816691	5107.391411	6.007421
373908.180897	7646789.876824	321.26203	5112.375977	6.57988
373912.982073	7646791.272732	320.665026	5117.375963	6.809769
373917.834452	7646792.455248	320.06858	5122.370352	6.561046
373922.752984	7646793.259563	319.517412	5127.354214	6.965718
373927.710959	7646792.686742	318.84992	5132.34517	8.259843
373932.284024	7646790.789347	318.074187	5137.296233	9.038969
373936.34699	7646787.884752	317.267821	5142.290667	10.328178
373940.449507	7646785.032237	316.25346	5147.287415	12.000174
373944.312094	7646781.881364	315.146224	5152.272149	12.107084
373948.022825	7646778.542712	314.113493	5157.263755	10.688175
373951.793432	7646775.26986	313.261824	5162.256653	9.745611
373956.007175	7646772.649829	312.403787	5167.218527	9.841012
373960.614155	7646770.744135	311.53632	5172.204099	10.328616
373965.423739	7646769.377982	310.584031	5177.203946	11.30375
373970.297892	7646768.287962	309.538623	5182.198494	12.376479
373975.146594	7646767.069976	308.391099	5187.197834	12.998116
373979.974939	7646765.786313	307.231417	5192.193904	11.610764
373984.472907	7646763.781355	306.3528	5197.118493	8.365062
373988.537749	7646760.878472	305.772849	5202.113457	5.036961
373992.914536	7646759.505436	305.508274	5206.700557	2.397753
373996.450069	7646763.040969	305.371419	5211.700557	2.87547
374000.804664	7646765.190737	305.013219	5216.556893	5.985057
374004.855525	7646767.98283	304.346505	5221.476776	7.492393
374009.226324	7646770.053215	303.730141	5226.313136	6.468565
374014.071639	7646771.277625	303.231562	5231.310761	5.567761
374019.03838	7646771.756917	302.756566	5236.300574	6.098148
374024.037185	7646771.789079	302.164434	5241.299483	7.351527
374029.033967	7646771.939284	301.466698	5246.298522	9.263974
374034.031938	7646771.893447	300.533829	5251.296704	12.410281
374038.487024	7646769.88208	299.291268	5256.18479	15.15218
374042.929953	7646767.638041	297.862336	5261.162273	15.410579
374047.23854	7646765.103299	296.541422	5266.161156	14.115948
374051.865932	7646763.350421	295.360918	5271.109422	13.297407
374056.508408	7646761.51075	294.191789	5276.103116	12.644338
374060.974768	7646759.272334	293.119932	5281.099002	12.037076
374065.850302	7646758.165826	292.060503	5286.098521	11.0349
374070.713358	7646757.13015	291.175397	5291.070637	9.146853
374075.707758	7646757.255561	290.455561	5296.066611	8.558661
374080.385387	7646759.015868	289.671387	5301.0645	9.559536
374085.331001	7646759.2903	288.779734	5306.017723	11.278387
374090.232283	7646760.004322	287.695871	5310.970741	13.951066
374095.03392	7646761.398132	286.30731	5315.970584	16.355193
374099.459045	7646763.676949	284.76797	5320.948006	16.21341
374104.276351	7646764.2903	283.447973	5325.804202	14.823689
374109.219175	7646763.869517	282.169971	5330.764904	14.887928
374114.047521	7646762.572088	280.800063	5335.764529	15.064039
374118.893457	7646761.3519	279.479435	5340.761724	13.12056
374123.710942	7646760.026376	278.470744	5345.758241	11.598527
374128.555315	7646758.807468	277.428726	5350.753606	11.988843
374133.235176	7646757.160615	276.356508	5355.714778	11.766236
374137.427111	7646754.435239	275.353917	5360.714778	10.391942
374141.970365	7646752.3577	274.523456	5365.710509	8.226595
374146.630725	7646750.615022	273.912355	5370.686037	5.886778
374149.728118	7646751.319018	273.682964	5373.862426	3.282974
374153.497373	7646754.2903	273.454856	5378.661989	3.209405
374158.497277	7646754.302634	273.13349	5383.661908	3.854078
374162.6994	7646755.164968	272.829052	5387.9516	2.889279
374163.317883	7646759.908783	272.675554	5392.735564	1.46198
374166.853417	7646763.444317	272.579354	5397.735564	0.574311
374171.503	7646764.2903	272.578065	5402.461482	2.435122
374175.388951	7646766.979851	272.177413	5407.187401	5.945709
374179.431932	7646769.2903	271.60094	5411.843995	7.462654
374184.431932	7646769.2903	270.912538	5416.843995	7.582532
374189.431932	7646769.2903	270.269798	5421.843995	6.681293
374193.924485	7646770.515385	269.781379	5426.500589	6.397546
374197.460019	7646774.050919	269.187088	5431.500589	7.242222
374202.223501	7646775.413549	268.516412	5436.455134	10.766122
374207.178905	7646776.03381	267.295441	5441.449206	14.867714
374212.158684	7646776.418557	265.864735	5446.443826	13.305124
374216.981819	7646775.603179	264.957582	5451.335398	8.801449
374221.753399	7646774.2903	264.34114	5456.284299	8.817184
374226.753399	7646774.2903	263.414402	5461.284299	8.17526
374231.753399	7646774.2903	262.904568	5466.284299	3.449552
374235.56601	7646771.42369	262.825491	5471.054358	0.504038
374239.682331	7646769.2903	262.821819	5475.690676	-0.377775
374244.101544	7646767.888156	262.886628	5480.326995	-1.43514
374247.637078	7646764.352622	263.063232	5485.326995	-1.823005
374251.172612	7646760.817088	263.204901	5490.326995	-3.216155
374252.6994	7646756.449504	263.604158	5494.953751	-0.810458
374254.708146	7646752.281554	263.335798	5499.580506	6.032534
374257.6994	7646748.520572	262.607405	5504.385981	3.854951
374258.260441	7646743.763314	262.689227	5509.176208	7.684638
374261.904852	7646740.340118	261.286427	5514.176208	15.871617
374265.249517	7646736.740183	259.870578	5519.090098	17.562177
374268.263823	7646732.862469	258.176868	5524.001585	21.273208
374270.133655	7646728.226363	256.012112	5529.000561	20.381476
374272.338604	7646723.861642	254.50293	5533.89061	18.103858
374275.611239	7646720.090768	252.781213	5538.883568	21.280962
374278.782015	7646716.228828	250.61202	5543.880408	24.733541
374281.885815	7646712.310948	248.177009	5548.878743	22.372958
374285.291	7646708.998105	246.599225	5553.629555	17.536705
374289.970702	7646707.310535	245.103817	5558.604241	13.484523
374294.571059	7646705.605346	244.229925	5563.510457	8.300228
374299.531943	7646706.199893	243.659187	5568.506841	8.235891
374304.414467	7646707.205648	242.785241	5573.491877	10.888744
374309.350033	7646707.735302	241.745407	5578.455782	9.597741
374314.313908	7646707.166824	241.101049	5583.452103	6.337855
374318.685318	7646704.882348	240.642665	5588.38445	6.423753
374323.431529	7646703.946802	240.001112	5593.221987	9.132744
374327.970375	7646701.853761	239.061517	5598.220181	11.178806
374332.842731	7646700.823059	238.029236	5603.200362	10.274296
374337.662548	7646699.587334	237.256894	5608.176068	4.594472
374337.6994	7646704.557655	237.229976	5613.146525	0.920281
374337.888448	7646709.479348	237.09794	5618.071848	5.514994
374341.423982	7646713.014882	236.271683	5623.071848	8.199546
374345.624496	7646715.578735	235.668404	5627.992992	4.867961
374349.177288	7646718.916312	235.437434	5632.867595	-0.528213
374352.319944	7646715.777158	235.754293	5637.309506	-3.020008
374356.931835	7646714.2903	235.927412	5642.155152	0.896938
374361.914893	7646714.668613	235.600197	5647.15255	3.009838
374362.6994	7646718.951358	235.43573	5651.506555	1.113186
374367.360458	7646719.2903	235.42479	5656.17992	0.080455
374370.995266	7646715.994434	235.422278	5661.086504	-1.079579
374372.6994	7646711.700309	235.604306	5665.706415	-1.211534
374374.98846	7646708.078585	235.610586	5669.990885	3.759327
374379.615569	7646706.391547	234.999194	5674.915946	9.633275
374384.432403	7646707.66887	233.92884	5679.899264	12.151419
374387.833487	7646709.156213	233.126955	5683.611346	9.969093
374391.369021	7646705.620679	232.397556	5688.611346	12.539582
374395.79211	7646703.889598	230.95848	5693.361121	18.534997
374400.416879	7646702.129432	229.146107	5698.309522	17.592778
374404.947991	7646700.025874	227.805538	5703.305114	13.26507
374409.810899	7646699.2903	226.809032	5708.223339	9.13335
374414.678814	7646698.555216	226.223384	5713.146442	3.790048
374417.6994	7646695.655625	226.205542	5717.333513	1.824442
374420.269503	7646691.720197	225.9403	5722.033835	5.210588
374423.709506	7646688.096754	225.3213	5727.03013	6.935489
374426.979532	7646684.314545	224.724391	5732.029947	6.453577
374431.968545	7646684.2903	224.191442	5737.019019	4.697671
374436.968545	7646684.2903	223.903573	5742.019019	3.868157
374440.718141	7646687.309041	223.527906	5746.832777	5.042459
374444.897477	7646689.2903	223.07075	5751.457951	5.200326
374449.897477	7646689.2903	222.651917	5756.457951	3.892343
374454.897477	7646689.2903	222.390381	5761.457951	5.664964
374459.856843	7646689.710992	221.662253	5766.435129	13.081283
374464.748598	7646690.74194	220.072308	5771.43434	14.38804
374468.052533	7646689.2903	219.454081	5775.043114	11.457561
374472.949103	7646689.540003	218.347199	5779.946047	7.711167
374476.484637	7646693.075537	218.113227	5784.946047	5.320234
374480.981465	7646694.2903	217.447838	5789.604063	11.418695
374485.981041	7646694.343066	216.162638	5794.603917	12.634546
374487.6994	7646697.652115	215.491328	5798.332531	8.158863
374489.063404	7646702.362968	214.924972	5803.236881	7.075087
374490.801669	7646707.025933	214.265012	5808.213306	8.600559
374493.684922	7646710.957275	213.434984	5813.088611	8.559473
374496.899493	7646714.760522	212.781745	5818.068386	7.53844
374500.522891	7646718.20236	212.114677	5823.065912	8.211353
374504.709105	7646720.836335	211.346903	5828.01184	9.37519
374509.289956	7646722.83448	210.472996	5833.009517	10.045149
374514.016415	7646724.2903	209.58561	5837.955104	10.060886
374519.016415	7646724.2903	208.708475	5842.955104	10.057778
374524.016415	7646724.2903	207.811994	5847.955104	9.679769
374529.016415	7646724.2903	207.002829	5852.955104	8.443087
374533.63067	7646725.22157	206.371129	5857.662398	8.107432
374537.166204	7646728.757104	205.620033	5862.662398	5.642208
374537.6994	7646733.536247	205.402101	5867.471192	2.667912
374540.701738	7646737.292638	205.17189	5872.279987	3.360146
374542.6994	7646741.465179	204.848167	5876.906082	5.097959
374544.237272	7646745.828172	204.346511	5881.532177	6.562485
374547.802854	7646749.298906	203.743585	5886.508056	5.899603
374552.75656	7646749.841599	203.317426	5891.4914	6.584751
374556.481231	7646753.072131	202.599225	5896.421869	8.59833
374560.856583	7646755.169253	201.838307	5901.27384	9.060985
374565.095502	7646757.704737	201.037795	5906.213183	9.185503
374569.023567	7646760.78539	200.232406	5911.205188	8.659566
374572.641603	7646764.232503	199.516479	5916.202465	11.883483
374576.67932	7646767.177344	198.129244	5921.199989	15.806995
374580.99959	7646769.2903	196.740222	5926.009284	16.186831
374585.991541	7646769.520649	195.282708	5931.006547	15.487921
374590.956243	7646770.09147	193.970809	5936.003956	12.891113
374594.975987	7646772.811592	193.028203	5940.857553	9.573812
374598.980808	7646775.571708	192.331847	5945.721382	8.232706
374602.516342	7646779.107242	191.601099	5950.721382	8.566059
374606.84698	7646781.56273	190.828856	5955.69972	8.964676
374610.791396	7646784.2903	190.059277	5960.495349	9.116179
374615.791396	7646784.2903	189.25706	5965.495349	10.686545
374620.791396	7646784.2903	188.172246	5970.495349	13.647024
374625.791396	7646784.2903	186.829191	5975.495349	15.805011
374630.772679	7646783.950594	185.343698	5980.488201	16.924363
374635.742472	7646783.401818	183.788583	5985.488201	18.388953
374640.617114	7646782.380643	182.025885	5990.468656	20.566852
374645.383473	7646781.009011	180.058971	5995.42845	17.411453
374648.861221	7646779.2903	179.254038	5999.307715	7.454327
374653.511854	7646778.459791	178.933313	6004.031923	-0.794895
374657.008325	7646774.885621	179.388952	6009.031923	-0.715344
374661.757894	7646774.2903	179.055504	6013.818656	10.590569
374666.757894	7646774.2903	177.559137	6018.818656	20.548304
374671.551893	7646773.013712	175.321762	6023.779714	26.08942
374676.37314	7646771.698716	172.683002	6028.777077	28.124166
374681.254534	7646770.616519	169.978478	6033.776994	27.379578
374686.244485	7646770.455698	167.508101	6038.769535	24.677451
374691.242593	7646770.590155	165.387378	6043.769452	19.179258
374696.198549	7646771.234524	164.030741	6048.767122	13.586082
374701.169026	7646771.600793	162.97521	6053.751076	13.547092
374706.135419	7646771.049339	161.625942	6058.747991	13.850569
374710.974246	7646769.822784	160.512456	6063.739852	10.92205
374715.674073	7646770.500684	159.746419	6068.488318	8.141572
374720.458186	7646771.886582	159.120614	6073.469126	10.042171
374725.355164	7646772.886543	157.97936	6078.467157	14.145708
374730.257739	7646773.857071	156.601454	6083.464873	14.674524
374735.206707	7646774.2903	155.369747	6088.432767	12.720254
374740.206707	7646774.2903	154.351458	6093.432767	11.013301
374745.206707	7646774.2903	153.423593	6098.432767	10.742759
374750.206707	7646774.2903	152.454265	6103.432767	10.898091
374755.206707	7646774.2903	151.498301	6108.432767	9.847823
374760.206707	7646774.2903	150.718421	6113.432767	8.246041
374765.013747	7646773.325734	150.063196	6118.335626	7.791839
374769.693606	7646771.579491	149.364054	6123.330668	8.657218
374774.259097	7646769.569128	148.543171	6128.319181	9.19258
374779.073424	7646768.719433	147.765649	6133.207916	8.275923
374783.7131	7646766.859579	147.105056	6138.206481	7.028968
374788.394974	7646765.107349	146.533005	6143.205506	6.385918
374793.074174	7646763.915526	146.00519	6148.034103	4.839346
374796.609708	7646760.379992	145.700902	6153.034103	4.102975
374801.158343	7646759.2903	145.311025	6157.711443	4.715542
374806.158343	7646759.2903	144.90266	6162.711443	4.220658
374811.156842	7646759.392159	144.573102	6167.710981	2.03561
374812.6994	7646762.894377	144.588952	6171.537861	1.304372
374815.247867	7646766.838767	144.379044	6176.233913	4.098934
374819.040976	7646770.032115	143.897117	6181.192254	5.938966
374822.6994	7646772.595213	143.398587	6185.659192	3.299041
374822.6994	7646777.595213	143.351432	6190.659192	2.496859
374825.036326	7646781.627226	142.977352	6195.319488	6.069217
374828.933245	7646784.2903	142.3541	6200.039439	8.981421
374833.873987	7646784.668083	141.448226	6204.994603	11.617928
374838.396162	7646786.589861	140.32518	6209.908186	9.54314
374841.935551	7646785.054149	139.973588	6213.766383	2.376303
374842.6994	7646780.370546	139.968154	6218.511865	1.035395
374843.451661	7646775.443409	139.797747	6223.496099	1.717881
374845.464427	7646770.913505	139.670011	6228.453039	0.740912
374849.386192	7646769.2903	139.678758	6232.69745	-0.596634
374853.892142	7646768.097558	139.762747	6237.35859	-1.660602
374857.427676	7646764.562024	139.958837	6242.35859	3.335077
374862.315124	7646764.2903	139.186144	6247.253585	9.361647
374867.315124	7646764.2903	138.327584	6252.253585	9.188442
374872.315124	7646764.2903	137.568616	6257.253585	7.441225
374877.315124	7646764.2903	137.021533	6262.253585	6.7502
374881.396612	7646767.053546	136.393453	6267.182488	9.6436
374885.757627	7646769.2903	135.351255	6272.083663	13.290067
374890.753628	7646769.133957	134.055165	6277.08211	14.461883
374895.748857	7646768.917869	132.772681	6282.08201	11.929838
374899.920433	7646766.717233	132.002387	6286.798454	8.657097
374902.6994	7646765.697878	131.603933	6289.758478	5.783697
374903.694708	7646770.285608	131.227097	6294.452933	6.173365
374907.230242	7646773.821142	130.555369	6299.452933	8.36116
374910.921725	7646776.067975	129.857115	6303.774426	7.993832
374915.185388	7646774.2903	129.299826	6308.393836	8.695236
374920.185388	7646774.2903	128.386001	6313.393836	9.833419
374925.185388	7646774.2903	127.566571	6318.393836	8.678457
374929.457259	7646772.532441	126.91777	6323.013246	7.19812
374932.810173	7646768.89044	126.357981	6327.96362	5.574757
374934.115273	7646764.064042	125.946607	6332.963361	5.720728
374936.89039	7646760.09931	125.372333	6337.802821	8.295554
374940.339535	7646756.480082	124.512075	6342.802362	9.225525
374944.284812	7646753.603456	123.767298	6347.685003	8.971839
374948.965286	7646751.846137	122.951923	6352.684504	8.716875
374953.810123	7646750.908614	122.244201	6357.619217	9.735728
374958.808719	7646750.797651	121.247455	6362.619045	12.620564
374963.780177	7646750.380193	120.007747	6367.607999	13.46509
374968.570577	7646748.963417	118.856902	6372.603516	11.670343
374973.054023	7646746.820728	117.949606	6377.572661	8.158713
374977.069238	7646744.2903	117.464108	6382.318714	5.878147
374982.069238	7646744.2903	116.946236	6387.318714	6.157998
374986.905216	7646745.476299	116.387444	6392.297999	7.82516
374991.778532	7646746.583101	115.575175	6397.29542	9.655985
374996.665636	7646747.578479	114.688645	6402.28286	8.331454
375001.612795	7646747.287646	114.119096	6407.238561	4.933234
375005.657594	7646747.112332	113.911466	6411.287158	1.560324
375009.053817	7646750.644717	113.875341	6416.187369	0.280441
375012.589351	7646754.180251	113.863009	6421.187369	0.094516
375014.094638	7646758.90476	113.858914	6426.145884	0.061321
375017.6994	7646761.626215	113.852868	6430.66259	-0.097006
375019.351141	7646765.942041	113.874385	6435.283694	-0.353381
375022.859912	7646769.500966	113.912193	6440.281435	1.597721
375025.943809	7646773.435486	113.595554	6445.280522	4.264834
375030.541717	7646774.2903	113.190661	6449.957216	5.071477
375035.541717	7646774.2903	112.736813	6454.957216	7.420311
375040.541717	7646774.2903	111.888322	6459.957216	11.610634
375045.541717	7646774.2903	110.682236	6464.957216	11.700054
375049.709222	7646772.280478	109.894754	6469.584038	6.38299
375052.6994	7646768.519051	109.627137	6474.389192	-0.424891
375053.244756	7646763.744944	109.96602	6479.194345	0.629855
375056.78029	7646760.20941	109.519348	6484.194345	8.081115
375061.399582	7646759.2903	108.587411	6488.904189	11.39355
375065.378403	7646756.73799	107.617693	6493.631271	10.883772
375068.843111	7646753.146589	106.719063	6498.621498	7.638484
375072.378645	7646749.611055	106.277922	6503.621498	5.642617
375077.245784	7646749.2903	105.743157	6508.499195	6.8725
375082.15241	7646748.373617	105.088456	6513.490716	8.048117
375086.893354	7646746.834492	104.332613	6518.475238	8.460081
375090.737329	7646743.724759	103.611692	6523.419586	8.598663
375093.767255	7646739.755195	102.829894	6528.413371	10.432711
375096.677491	7646735.694997	101.772481	6533.408838	12.231627
375099.777409	7646731.774002	100.663442	6538.407206	10.507822
375103.371245	7646728.426964	99.934537	6543.318247	7.294765
375107.836094	7646726.200007	99.396122	6548.307657	4.800111
375112.142102	7646724.2903	99.120019	6553.018144	2.42812
375115.840865	7646721.148835	98.990611	6557.870942	1.575237
375119.468228	7646717.710458	98.84913	6562.868961	1.577873
375123.219383	7646714.412191	98.715352	6567.863931	1.428759
375127.338792	7646711.582993	98.59991	6572.86132	1.159224
375132.030479	7646709.884052	98.513267	6577.851143	1.443576
375137.018387	7646709.639831	98.348324	6582.845026	2.4202
375142.01676	7646709.512663	98.090882	6587.845017	3.1194
375146.435138	7646707.360842	97.808022	6592.759526	2.379038
375148.521873	7646703.467827	97.703207	6597.176541	2.957709
375152.057407	7646699.932293	97.321482	6602.176541	5.560739
375156.37832	7646697.511641	96.734244	6607.129303	6.432814
375160.19915	7646694.295566	96.200017	6612.123487	5.933143
375164.685585	7646692.636599	95.718149	6616.90682	4.67049
375168.378007	7646689.30711	95.403076	6621.878688	3.958398
375173.311308	7646688.530278	95.028553	6626.872777	4.877869
375178.169853	7646687.518978	94.553379	6631.835456	5.564479
375182.703312	7646685.410109	94.057972	6636.835415	5.944784
375186.976332	7646682.867466	93.514999	6641.807711	6.374087
375191.033996	7646679.948728	92.944182	6646.806078	6.775603
375195.590902	7646677.990443	92.331887	6651.765945	5.812148
375200.034454	7646675.754791	91.933012	6656.740207	3.716564
375204.61508	7646674.2903	91.696408	6661.549247	2.87241
375209.61508	7646674.2903	91.440858	6666.549247	3.651173
375214.61508	7646674.2903	91.058313	6671.549247	5.559963
375219.61508	7646674.2903	90.467432	6676.549247	6.862712
375224.05399	7646672.93571	89.898024	6681.190243	5.522916
375227.589524	7646669.400176	89.535246	6686.190243	5.887856
375232.544012	7646669.2903	88.871365	6691.145949	7.016733
375237.544012	7646669.2903	88.309924	6696.145949	6.257359
375242.544012	7646669.2903	87.77492	6701.145949	5.393266
375247.544012	7646669.2903	87.365859	6706.145949	3.336074
375252.544012	7646669.2903	87.192023	6711.145949	1.331367
375257.544012	7646669.2903	87.133457	6716.145949	1.346854
375262.544012	7646669.2903	86.956917	6721.145949	4.201797
375267.544012	7646669.2903	86.398809	6726.145949	8.395916
375272.544012	7646669.2903	85.481018	6731.145949	10.583709
375277.544012	7646669.2903	84.530359	6736.145949	10.062544
375282.123285	7646671.265017	83.708867	6741.132857	8.087826
375286.366556	7646673.896178	83.112238	6746.125687	6.240584
375291.176839	7646675.062415	82.621675	6751.075327	5.869654
375295.367964	7646677.653667	82.096853	6756.002813	5.855234
375299.806131	7646679.2903	81.631294	6760.733129	5.449426
375304.806131	7646679.2903	81.168626	6765.733129	6.2594
375309.806131	7646679.2903	80.534488	6770.733129	7.737062
375314.806131	7646679.2903	79.810026	6775.733129	7.572419
375319.803851	7646679.388284	79.205317	6780.73181	5.9074
375324.797971	7646679.630448	78.775489	6785.731797	4.300345
375329.728584	7646679.2903	78.457712	6790.674129	4.384789
375334.728584	7646679.2903	78.013146	6795.674129	5.393155
375339.13425	7646677.85545	77.548273	6800.30756	5.056349
375342.669783	7646674.319917	77.160808	6805.30756	5.592033
375347.657516	7646674.2903	76.57039	6810.295381	6.358157
375352.657516	7646674.2903	76.047913	6815.295381	6.13552
375357.657516	7646674.2903	75.495459	6820.295381	6.884715
375362.49264	7646673.022326	74.840689	6825.293999	7.656753
375367.225789	7646671.424213	74.1519	6830.289663	7.836055
375371.934551	7646669.743801	73.465138	6835.289286	8.334614
375376.552258	7646667.863944	72.689084	6840.274973	8.378029
375381.006296	7646665.618896	71.996325	6845.262828	7.48738
375385.622744	7646664.2903	71.402217	6850.066655	6.715816
375389.766516	7646662.223184	70.88541	6854.697403	5.707959
375393.551676	7646659.2903	70.460762	6859.485851	4.707277
375398.30205	7646658.68765	70.096844	6864.2743	1.960323
375401.837584	7646655.152116	70.125739	6869.2743	0.061792
375406.480608	7646654.2903	70.086359	6873.99663	0.097024
375410.373118	7646651.616582	70.109746	6878.71896	-0.103228
375414.40954	7646649.2903	70.10326	6883.377747	0.363691
375417.6994	7646647.58016	70.056639	6887.085543	-0.436164
375417.6994	7646642.58016	70.169548	6892.085543	-1.034433
375418.908652	7646638.081048	70.231035	6896.74433	0.407725
375422.444186	7646634.545514	70.100815	6901.74433	-0.397802
375422.6994	7646629.651228	70.299776	6906.645267	-0.202504
375425.97972	7646626.00998	70.135458	6911.546203	1.657141
375427.831556	7646621.725698	70.022967	6916.213576	1.725501
375429.655959	7646617.333741	69.851595	6920.969386	3.320611
375433.368579	7646614.099226	69.461356	6925.893373	7.395155
375438.074402	7646612.459667	68.565758	6930.876636	11.293228
375442.609355	7646610.354418	67.467833	6935.876424	12.02587
375447.382013	7646609.2903	66.459048	6940.766272	10.991169
375452.382013	7646609.2903	65.547081	6945.766272	9.750448
375457.382013	7646609.2903	64.740705	6950.766272	8.727156
375462.382013	7646609.2903	64.012061	6955.766272	8.052019
375467.369696	7646608.950891	63.32619	6960.76549	7.532698
375472.354639	7646608.592407	62.690162	6965.763306	6.167158
375477.32463	7646609.122797	62.246102	6970.761518	3.798043
375482.307997	7646609.2903	62.027361	6975.747699	2.277308
375485.95817	7646612.54907	61.853236	6980.640893	2.531003
375490.21439	7646614.627757	61.601703	6985.377596	3.870439
375494.860021	7646616.243391	61.200031	6990.296148	4.889392
375498.586009	7646619.466234	60.759551	6995.222578	4.648001
375502.6994	7646622.213428	60.397379	7000.168996	3.154668
375504.766363	7646626.357263	60.231721	7004.799732	2.207286
375508.55146	7646629.2903	60.03434	7009.588224	2.492446
375513.463623	7646629.667088	59.808847	7014.514817	4.023416
375517.940839	7646631.892022	59.336178	7019.514396	5.339272
375522.250062	7646634.2903	58.880717	7024.446043	4.413638
375527.250062	7646634.2903	58.569624	7029.446043	4.128735
375530.917204	7646637.508104	58.16764	7034.324792	4.403897
375535.178994	7646639.2903	57.838151	7038.944216	3.985096
375540.102601	7646639.901047	57.500212	7043.905558	4.77314
375544.969486	7646641.042808	57.006483	7048.904577	6.152991
375549.82215	7646642.22201	56.422962	7053.898459	5.796761
375554.744161	7646642.55109	55.998744	7058.831459	4.198916
375559.550922	7646641.202846	55.694307	7063.823724	4.033025
375564.314551	7646639.685054	55.294279	7068.82331	4.858576
375569.233136	7646639.055409	54.847856	7073.782032	4.722775
375574.174035	7646638.289053	54.471564	7078.782011	3.867891
375579.106472	7646637.470321	54.171781	7083.781937	3.332613
375584.099045	7646637.428455	53.8897	7088.774685	3.162054
375588.998468	7646638.245226	53.621575	7093.741723	3.046683
375593.524981	7646640.238279	53.362103	7098.687588	3.143921
375597.504146	7646643.265273	53.075315	7103.687233	3.883871
375601.556894	7646646.142174	52.685278	7108.657275	5.855283
375605.575702	7646649.103642	52.053715	7113.64938	8.390546
375610.046472	7646651.332752	51.212139	7118.645049	10.222535
375614.705252	7646653.12608	50.252645	7123.637069	11.403534
375619.53901	7646654.390169	49.197558	7128.633381	11.895151
375624.235848	7646656.059951	48.150236	7133.618204	10.950091
375629.219956	7646656.029562	47.268845	7138.602405	9.501955
375634.188197	7646655.533203	46.48033	7143.595379	9.334333
375639.140723	7646654.846492	45.626348	7148.595287	10.261665
375644.024248	7646653.912096	44.675052	7153.567402	11.85816
375648.664908	7646652.057384	43.533072	7158.564969	15.341874
375653.320261	7646650.244843	41.93342	7163.560729	19.678103
375658.041492	7646648.600995	39.958773	7168.559954	24.374536
375662.714833	7646646.828008	37.403822	7173.558314	28.426945
375667.411112	7646645.111918	34.546791	7178.558314	27.245016
375671.901774	7646642.946437	32.26222	7183.543829	19.141866
375675.801414	7646639.892951	31.09729	7188.496703	10.573246
375679.555999	7646636.687991	30.416315	7193.433168	6.65175
375682.917461	7646633.072653	29.945933	7198.369775	4.347606
375684.758327	7646628.423867	29.660897	7203.369775	3.567722
375686.997292	7646623.966469	29.323201	7208.357897	4.37263
375689.173715	7646619.471904	28.89765	7213.351686	4.797637
375691.566813	7646615.084237	28.484619	7218.34954	4.488522
375694.929397	7646611.411372	28.114438	7223.329189	4.131149
375698.678965	7646608.310735	27.77355	7228.194701	3.525989
375702.214499	7646604.775201	27.506563	7233.194701	3.515668
375707.010683	7646604.130433	27.169068	7238.034031	3.744344
375710.84294	7646601.14676	26.872025	7242.89083	3.795574
375715.059276	7646599.02655	26.533779	7247.610235	4.075646
375719.985496	7646598.412392	26.182042	7252.574591	3.306699
375724.984697	7646598.499941	25.958088	7257.574558	2.497275
375729.781995	7646597.683789	25.751758	7262.440786	3.096038
375734.121701	7646595.210349	25.424718	7267.435879	5.068707
375738.638655	7646593.138214	24.867947	7272.405448	6.771064
375743.25173	7646591.228154	24.241906	7277.398322	6.434259
375747.756017	7646589.2903	23.751937	7282.301778	5.771054
375752.756017	7646589.2903	23.241034	7287.301778	5.789415
375757.755665	7646589.284	22.738106	7292.30143	5.666857
375762.724723	7646588.728922	22.248811	7297.301395	6.458137
375767.708539	7646588.605924	21.607848	7302.286729	9.391258
375772.637756	7646589.2903	20.601251	7307.263229	12.033827
375777.637756	7646589.2903	19.481185	7312.263229	11.312046
375782.513407	7646590.391526	18.601235	7317.261695	8.775951
375787.419621	7646590.990262	17.946543	7322.204308	7.506004
375792.375065	7646590.358263	17.291826	7327.199891	7.807299
375797.308767	7646589.546753	16.576063	7332.199887	8.063229
375801.489434	7646586.839247	15.877922	7337.180707	8.666282
375805.884805	7646584.479129	15.056526	7342.169639	10.362838
375810.596462	7646582.820145	14.052241	7347.164831	11.59771
375815.358341	7646581.295651	13.005295	7352.164788	11.620158
375820.281598	7646580.458993	11.997206	7357.15863	10.755783
375825.227327	7646579.729041	11.107049	7362.157936	10.114919
375830.191151	7646579.457682	10.218557	7367.129172	10.985562
375835.185122	7646579.70209	9.171513	7372.12912	12.545105
375840.055844	7646578.976636	8.01024	7377.053571	12.04147
375844.719081	7646577.232734	7.059115	7382.032223	9.716308
375847.6994	7646573.891713	6.391211	7386.509356	5.810579
375847.6994	7646568.891713	6.094723	7391.509356	3.265804
375847.6994	7646563.891713	5.82062	7396.509356	6.717697
375847.6994	7646558.891713	4.916897	7401.509356	19.990181
375847.6994	7646553.891713	2.182975	7406.509356	25.681808
375847.699966	7646548.891713	0.108295	7411.509356	12.314851
375847.717398	7646543.891867	0.0	7416.509233	1e-06
